(Sequence2:0.00288,(Sequence28:0.01695,(Sequence8:0.00403,
(((Sequence6:0.01292,(Sequence20:0.04863,(Sequence22:0.00453,
(Sequence31:0.00414,Sequence32:0.03146):0.02062):0.01675):0.01140):0.03288,
Sequence17:0.00826):0.00265,(Sequence10:0.01169,(Sequence39:0.00534,
((Sequence4:0.00295,Sequence19:0.00495):0.00226,(((((Sequence3:0.01090,
Sequence11:0.02110):0.01295,(Sequence25:0.01677,Sequence37:0.00883):0.00978):0.00229,
Sequence34:0.00587):0.01026,(((((((((((((Sequence5:0.00222,
Sequence21:0.00428):0.00907,Sequence35:0.00258):0.00172,
Sequence30:0.00168):0.00951,Sequence13:0.02456):0.01124,
Sequence33:0.00485):0.01014,(Sequence12:0.00448,(Sequence18:0.00627,
(Sequence36:0.02638,Sequence38:0.02052):0.00658):0.02882):0.03029):0.00683,
Sequence26:0.00952):0.00779,Sequence24:0.00601):0.02705,
Sequence16:0.01031):0.03080,(Sequence7:0.00251,Sequence14:0.00599):0.00649):0.01393,
Sequence29:0.00552):0.00857,(Sequence23:0.01554,(Sequence27:0.03567,
Sequence40:0.00243):0.01481):0.02278):0.00949,Sequence15:0.00645):0.01981):0.00521,
Sequence9:0.00559):0.00043):0.00556):0.00615):0.04094):0.01246):0.00489):0.00615,Sequence1:0.02462);
