11
Czech Republic	0	2.31742	13.8103	13.92	13.9226	13.5061	3.67459	4.11152	12.2432	5.60229	5.29905
Germany	2.31742	0	13.1296	13.2514	13.2237	13.0136	4.15199	4.54545	11.9701	5.92074	5.6042
Ghana	13.8103	13.1296	0	3.00549	2.06728	4.49193	13.4471	12.7126	6.15656	12.702	12.6673
Kenya	13.92	13.2514	3.00549	0	2.73697	3.86288	13.6362	12.8275	6.78742	13.3385	13.3059
Niger	13.9226	13.2237	2.06728	2.73697	0	4.31417	13.5658	12.7937	6.30471	12.9088	12.8587
South Africa	13.5061	13.0136	4.49193	3.86288	4.31417	0	13.2562	12.5375	7.72679	12.9391	12.9172
Spain	3.67459	4.15199	13.4471	13.6362	13.5658	13.2562	0	5.06798	11.8514	6.37915	5.57336
Sweden	4.11152	4.54545	12.7126	12.8275	12.7937	12.5375	5.06798	0	11.4832	6.89177	6.24964
The Gambia	12.2432	11.9701	6.15656	6.78742	6.30471	7.72679	11.8514	11.4832	0	12.7541	12.4633
UK	5.60229	5.92074	12.702	13.3385	12.9088	12.9391	6.37915	6.89177	12.7541	0	6.38912
USA	5.29905	5.6042	12.6673	13.3059	12.8587	12.9172	5.57336	6.24964	12.4633	6.38912	0
