11
Czech Republic	0	0.0111654	0.102203	0.106815	0.102845	0.104464	0.0293469	0.0281882	0.0987363	0.0439297	0.0412024
Germany	0.0111654	0	0.0969651	0.101917	0.0976074	0.100722	0.0272272	0.0237591	0.0932204	0.0420251	0.0391687
Ghana	0.102203	0.0969651	0	0.0274948	0.0135261	0.0325917	0.100356	0.0928849	0.0543147	0.101688	0.099549
Kenya	0.106815	0.101917	0.0274948	0	0.0235149	0.0278886	0.105072	0.0984564	0.0572522	0.106238	0.104915
Niger	0.102845	0.0976074	0.0135261	0.0235149	0	0.0336188	0.100998	0.0935272	0.0561927	0.102585	0.100191
South Africa	0.104464	0.100722	0.0325917	0.0278886	0.0336188	0	0.103968	0.0959166	0.0568089	0.104695	0.100725
Spain	0.0293469	0.0272272	0.100356	0.105072	0.100998	0.103968	0	0.0192631	0.0969053	0.0433039	0.0316484
Sweden	0.0281882	0.0237591	0.0928849	0.0984564	0.0935272	0.0959166	0.0192631	0	0.0908089	0.0453364	0.0331078
The Gambia	0.0987363	0.0932204	0.0543147	0.0572522	0.0561927	0.0568089	0.0969053	0.0908089	0	0.0976694	0.0967571
UK	0.0439297	0.0420251	0.101688	0.106238	0.102585	0.104695	0.0433039	0.0453364	0.0976694	0	0.0320214
USA	0.0412024	0.0391687	0.099549	0.104915	0.100191	0.100725	0.0316484	0.0331078	0.0967571	0.0320214	0
