11
Czech Republic	0	0.0114443	0.0953261	0.102754	0.0943859	0.10765	0.034732	0.0315079	0.117652	0.0526664	0.0529899
Germany	0.0114443	0	0.0906401	0.0982523	0.0896999	0.104367	0.032562	0.0277944	0.112409	0.0504279	0.0501141
Ghana	0.0953261	0.0906401	0	0.0236339	0.0102071	0.0301331	0.0930785	0.0866465	0.0451844	0.093857	0.0915856
Kenya	0.102754	0.0982523	0.0236339	0	0.0210987	0.0268363	0.100507	0.0941524	0.0514923	0.101146	0.0994213
Niger	0.0943859	0.0896999	0.0102071	0.0210987	0	0.0305533	0.0921383	0.0857063	0.0455586	0.0930542	0.0906454
South Africa	0.10765	0.104367	0.0301331	0.0268363	0.0305533	0	0.106626	0.097694	0.0567432	0.106657	0.103007
Spain	0.034732	0.032562	0.0930785	0.100507	0.0921383	0.106626	0	0.0233911	0.11547	0.0457093	0.0372824
Sweden	0.0315079	0.0277944	0.0866465	0.0941524	0.0857063	0.097694	0.0233911	0	0.109721	0.0519812	0.0420041
The Gambia	0.117652	0.112409	0.0451844	0.0514923	0.0455586	0.0567432	0.11547	0.109721	0	0.115552	0.114443
UK	0.0526664	0.0504279	0.093857	0.101146	0.0930542	0.106657	0.0457093	0.0519812	0.115552	0	0.03608
USA	0.0529899	0.0501141	0.0915856	0.0994213	0.0906454	0.103007	0.0372824	0.0420041	0.114443	0.03608	0
