11
Czech Republic	0	0.00512814	0.862559	0.856211	0.867176	0.777708	0.16919	0.103552	0.815605	0.236596	0.307513
Germany	0.00512814	0	0.810838	0.80477	0.815878	0.724301	0.123691	0.0603156	0.76248	0.178761	0.240737
Ghana	0.862559	0.810838	0	0.274784	0.0193194	0.291977	0.759726	0.69606	0.604376	0.649277	0.696257
Kenya	0.856211	0.80477	0.274784	0	0.221481	0.1499	0.755472	0.69072	0.625907	0.658256	0.703058
Niger	0.867176	0.815878	0.0193194	0.221481	0	0.274126	0.76543	0.701807	0.62142	0.658677	0.704575
South Africa	0.777708	0.724301	0.291977	0.1499	0.274126	0	0.672969	0.603746	0.541869	0.570365	0.616649
Spain	0.16919	0.123691	0.759726	0.755472	0.76543	0.672969	0	0.00973327	0.69704	0.12062	0.102442
Sweden	0.103552	0.0603156	0.69606	0.69072	0.701807	0.603746	0.00973327	0	0.632215	0.0942008	0.0983029
The Gambia	0.815605	0.76248	0.604376	0.625907	0.62142	0.541869	0.69704	0.632215	0	0.62252	0.66244
UK	0.236596	0.178761	0.649277	0.658256	0.658677	0.570365	0.12062	0.0942008	0.62252	0	0.0254785
USA	0.307513	0.240737	0.696257	0.703058	0.704575	0.616649	0.102442	0.0983029	0.66244	0.0254785	0
