16
Denmark	0	1.80256	1.11104	1.77644	1.73885	0.914545	1.59016	2.24482	2.44037	2.09824	1.77365	2.44037	6.0898	5.90205	6.07439	5.62461
The Netherlands	1.80256	0	2.1498	1.29733	1.55761	2.66141	2.93601	2.63573	2.62036	1.63263	2.16879	2.62036	6.63794	6.4502	6.62254	5.85657
Norway	1.11104	2.1498	0	2.52869	1.22036	1.4067	1.7294	2.36183	2.10419	1.69949	2.44643	2.10419	6.86502	6.67727	6.84961	5.85441
France	1.77644	1.29733	2.52869	0	2.02567	1.47327	2.50302	3.11168	3.30723	2.37263	1.9629	3.30723	5.54195	5.3542	5.52654	5.515
Spain	1.73885	1.55761	1.22036	2.02567	0	2.26508	2.40253	2.35601	2.07002	1.07301	2.46821	2.07002	6.91221	6.72446	6.8968	5.90656
Germany	0.914545	2.66141	1.4067	1.47327	2.26508	0	1.30109	2.77415	2.9697	2.85893	2.07285	2.9697	5.45832	5.27057	5.44291	5.4261
Poland	1.59016	2.93601	1.7294	2.50302	2.40253	1.30109	0	2.78449	3.13043	2.99639	2.27078	3.13043	6.0114	5.62028	5.99887	4.4431
England	2.24482	2.63573	2.36183	3.11168	2.35601	2.77415	2.78449	0	0.5938	1.36492	1.43134	0.5938	6.70496	6.42065	6.68955	5.55237
Canada (Toronto)	2.44037	2.62036	2.10419	3.30723	2.07002	2.9697	3.13043	0.5938	0	1.10728	1.77729	0	6.89812	6.71247	6.88271	5.89698
Canada (Quebec)	2.09824	1.63263	1.69949	2.37263	1.07301	2.85893	2.99639	1.36492	1.10728	0	1.48116	1.10728	6.92427	6.73757	6.90886	5.92208
United States	1.77365	2.16879	2.44643	1.9629	2.46821	2.07285	2.27078	1.43134	1.77729	1.48116	0	1.77729	6.06602	5.68296	6.05177	5.11346
United States (Navajo Indians)	2.44037	2.62036	2.10419	3.30723	2.07002	2.9697	3.13043	0.5938	0	1.10728	1.77729	0	6.89812	6.71247	6.88271	5.89698
Kenya	6.0898	6.63794	6.86502	5.54195	6.91221	5.45832	6.0114	6.70496	6.89812	6.92427	6.06602	6.89812	0	1.15071	0.328067	3.92702
South Africa	5.90205	6.4502	6.67727	5.3542	6.72446	5.27057	5.62028	6.42065	6.71247	6.73757	5.68296	6.71247	1.15071	0	1.01106	3.34924
Israel	6.07439	6.62254	6.84961	5.52654	6.8968	5.44291	5.99887	6.68955	6.88271	6.90886	6.05177	6.88271	0.328067	1.01106	0	3.9145
Chile	5.62461	5.85657	5.85441	5.515	5.90656	5.4261	4.4431	5.55237	5.89698	5.92208	5.11346	5.89698	3.92702	3.34924	3.9145	0
