16
Denmark	0	1.9151	1.50463	2.1087	2.16151	1.21148	2.3873	2.25074	2.84074	2.475	2.14389	2.84074	9.17037	9.17037	9.17037	9.66111
The Netherlands	1.9151	0	2.4109	1.72359	1.96529	3.05821	3.75751	2.75282	3.04359	1.98013	2.8409	3.04359	9.76923	9.76923	9.76923	9.86282
Norway	1.50463	2.4109	0	3.18	1.19286	2.06333	2.94762	2.83167	2.125	1.7	3.26333	2.125	10.3167	10.3167	10.3167	10.3167
France	2.1087	1.72359	3.18	0	2.80619	1.44167	2.93071	3.515	4.105	3.11333	2.05833	4.105	8.25333	8.25333	8.25333	9.13667
Spain	2.16151	1.96529	1.19286	2.80619	0	2.93	3.61429	2.98881	2.25595	1.15	3.44667	2.25595	10.3167	10.3167	10.3167	10.3167
Germany	1.21148	3.05821	2.06333	1.44167	2.93	0	1.76762	3.07333	3.66333	3.53	2.06667	3.66333	8.25333	8.25333	8.25333	9.13667
Poland	2.3873	3.75751	2.94762	2.93071	3.61429	1.76762	0	3.61119	4.37619	4.21429	2.67238	4.37619	8.63095	8.04762	8.63095	7.65476
England	2.25074	2.75282	2.83167	3.515	2.98881	3.07333	3.61119	0	1.03167	1.93167	1.82333	1.03167	9.72667	9.55167	9.72667	9.55167
Canada (Toronto)	2.84074	3.04359	2.125	4.105	2.25595	3.66333	4.37619	1.03167	0	1.225	2.58833	0	10.3167	10.3167	10.3167	10.3167
Canada (Quebec)	2.475	1.98013	1.7	3.11333	1.15	3.53	4.21429	1.93167	1.225	0	2.29667	1.225	10.3167	10.3167	10.3167	10.3167
United States	2.14389	2.8409	3.26333	2.05833	3.44667	2.06667	2.67238	1.82333	2.58833	2.29667	0	2.58833	8.795	8.50333	8.795	8.695
United States (Navajo Indians)	2.84074	3.04359	2.125	4.105	2.25595	3.66333	4.37619	1.03167	0	1.225	2.58833	0	10.3167	10.3167	10.3167	10.3167
Kenya	9.17037	9.76923	10.3167	8.25333	10.3167	8.25333	8.63095	9.72667	10.3167	10.3167	8.795	10.3167	0	1.32778	0.458333	4.41667
South Africa	9.17037	9.76923	10.3167	8.25333	10.3167	8.25333	8.04762	9.55167	10.3167	10.3167	8.50333	10.3167	1.32778	0	1.24444	3.83333
Israel	9.17037	9.76923	10.3167	8.25333	10.3167	8.25333	8.63095	9.72667	10.3167	10.3167	8.795	10.3167	0.458333	1.24444	0	4.41667
Chile	9.66111	9.86282	10.3167	9.13667	10.3167	9.13667	7.65476	9.55167	10.3167	10.3167	8.695	10.3167	4.41667	3.83333	4.41667	0
