16
Denmark	0	3.23077	2.26667	3.22222	3.33333	1.64444	3.07937	4.48889	4.88889	3.86667	3.48889	4.88889	12.4444	12.0444	12.4444	11.5556
The Netherlands	3.23077	0	3.90769	2.46154	2.95604	4.58462	4.98901	5.12308	5.23077	3.16923	3.90769	5.23077	13.3846	12.9846	13.3846	11.8462
Norway	2.26667	3.90769	0	4.8	2.25714	2.8	3.42857	4.6	4.2	3.2	5	4.2	14	13.6	14	12
France	3.22222	2.46154	4.8	0	3.91429	2.6	4.54286	6.2	6.6	4.6	3.8	6.6	11.2	10.8	11.2	11.2
Spain	3.33333	2.95604	2.25714	3.91429	0	4.14286	4.42857	4.45714	4.14286	2.17143	4.77143	4.14286	14	13.6	14	12
Germany	1.64444	4.58462	2.8	2.6	4.14286	0	2.62857	5.6	6	5	4	6	11.2	10.8	11.2	11.2
Poland	3.07937	4.98901	3.42857	4.54286	4.42857	2.62857	0	5.68571	6.28571	5.11429	4.34286	6.28571	12.2857	11.4857	12.2857	9.14286
England	4.48889	5.12308	4.6	6.2	4.45714	5.6	5.68571	0	1.2	2.4	2.6	1.2	13.6	13	13.6	11.2
Canada (Toronto)	4.88889	5.23077	4.2	6.6	4.14286	6	6.28571	1.2	0	2.2	3.4	0	14	13.6	14	12
Canada (Quebec)	3.86667	3.16923	3.2	4.6	2.17143	5	5.11429	2.4	2.2	0	3	2.2	14	13.6	14	12
United States	3.48889	3.90769	5	3.8	4.77143	4	4.34286	2.6	3.4	3	0	3.4	12.2	11.4	12.2	10.4
United States (Navajo Indians)	4.88889	5.23077	4.2	6.6	4.14286	6	6.28571	1.2	0	2.2	3.4	0	14	13.6	14	12
Kenya	12.4444	13.3846	14	11.2	14	11.2	12.2857	13.6	14	14	12.2	14	0	2.3	0.666667	8
South Africa	12.0444	12.9846	13.6	10.8	13.6	10.8	11.4857	13	13.6	13.6	11.4	13.6	2.3	0	2.03333	6.8
Israel	12.4444	13.3846	14	11.2	14	11.2	12.2857	13.6	14	14	12.2	14	0.666667	2.03333	0	8
Chile	11.5556	11.8462	12	11.2	12	11.2	9.14286	11.2	12	12	10.4	12	8	6.8	8	0
