DA-AD-4 0.0 0.5236881217 0.5448248354 0.7311533107 0.5396605301 0.5105802311 0.4499891338 0.5688865536 0.7009502292 0.6804844985 0.8837736906 0.799103234 0.3932689728 0.8248400122 0.684675898 0.8478160234 0.737249139 0.7200567288 0.6799026127 0.63900653 0.8204542929 0.936217485 0.7362105226 0.7188937061 0.9156399162 1.0124274829 1.5329676238 1.8771865747 1.6169828014 1.829557397 0.4184611818 0.5485150326 0.6715320222 0.5740505544 0.7936826559 1.2083606568 0.6191899328 0.6354718988 0.6186119015 0.5522862206 1.1007135736
DA-AD-1 0.5236881217 0.0 0.6569927461 0.6147620072 0.2616685364 0.4284201914 0.4741288985 0.6532354281 0.4579896353 0.6767104964 0.9531969527 0.6695861813 0.5435198641 0.6883754467 0.8401552235 0.7524318583 1.0493237225 0.8521632643 0.6021507802 0.8081610749 0.6597493044 0.7508267989 0.8976380751 0.6353941158 1.1018282581 1.2909763006 1.6164371797 1.8886092284 1.6565764583 1.8351250905 0.5292955885 0.3207279797 0.7032372441 0.4547484881 0.5673708644 1.3761363993 0.5506516103 0.2660609483 0.6843896568 0.7197900559 0.8500973725
DA-AD-3 0.5448248354 0.6569927461 0.0 0.6384278073 0.7927364299 0.4745362911 0.412008204 0.5414305766 0.8684192984 0.5084254239 0.590968991 0.6324874574 0.4649527342 0.7066735048 0.8380884232 0.7881145938 0.8764914844 0.757459282 0.6879899577 0.6762679296 0.7478009717 1.018819361 0.7288633092 0.5993750525 0.8551301336 1.1272244187 1.5271903224 1.8629676339 1.6451876614 1.829199412 0.712407252 0.6566278846 0.718560208 0.562886191 0.7942056839 1.3497016376 0.4852561422 0.7114619362 0.6711755597 0.5852577116 1.0496448434
DA-AD-2 0.7311533107 0.6147620072 0.6384278073 0.0 0.7199821806 0.5015471018 0.6828914373 0.4924101097 0.8676228951 0.5392430844 0.7945643237 0.4534669593 0.5868246571 0.6925385779 0.7486028543 0.7365634507 0.8244270739 1.0823055293 0.5629760694 0.5946107877 0.6451379046 0.8359407067 0.7265590275 0.4880929938 0.9221670375 1.0642608684 1.4716274085 1.8459894486 1.5611551383 1.8224434015 0.8257030687 0.6839171623 0.5090756181 0.3997618251 0.5994864898 1.1347934147 0.5889676563 0.7525720545 0.5365746718 0.5586158601 0.8914160821
DA-AD-1-454 0.5396605301 0.2616685364 0.7927364299 0.7199821806 0.0 0.570478978 0.5673335571 0.7136435439 0.3983280429 0.7497656806 1.0671682287 0.8074503201 0.5847602457 0.7846985475 0.8206687803 0.8208209917 1.0753899351 0.9041349679 0.7154241896 0.8385376971 0.8075120152 0.8284502371 0.9496693661 0.7348536522 1.0931467747 1.2929160926 1.6177318133 1.9004057972 1.6454247217 1.8392144157 0.5286810863 0.4967344185 0.7187878585 0.6362024799 0.6970601364 1.3452145403 0.6623790029 0.2880864453 0.7045679204 0.7232205601 0.9614415211
DA-AD-3-454 0.5105802311 0.4284201914 0.4745362911 0.5015471018 0.570478978 0.0 0.5128325779 0.4505662573 0.7083673743 0.5461894122 0.7878371639 0.5527708181 0.4319382129 0.4990207635 0.6599868369 0.5251652157 0.8385721889 0.8827685667 0.407914068 0.6250991425 0.4698520822 0.6662563413 0.7143047319 0.4727619734 0.9199831007 1.049649786 1.5168643911 1.8744871274 1.6249939087 1.8266529173 0.6694484021 0.4311446015 0.5313464869 0.2756112905 0.4719058566 1.2697372863 0.3159299691 0.5508988711 0.4978290234 0.4875761059 0.7843890985
IT-AD-6 0.4499891338 0.4741288985 0.412008204 0.6828914373 0.5673335571 0.5128325779 0.0 0.5173496836 0.6274705158 0.4818170041 0.6628021522 0.7045745106 0.3553457712 0.6407953694 0.8157285246 0.7379599648 0.8889125562 0.620794138 0.6251339561 0.6663321886 0.6687797861 0.9487751362 0.6763103702 0.6526902607 0.7402543152 1.0272710393 1.526726455 1.8318288455 1.5929052468 1.8350340226 0.5072982368 0.4690269794 0.6154088456 0.5470810638 0.7307936947 1.231359318 0.444034096 0.511614754 0.6172767775 0.5579481556 1.017459537
IT-AD-5 0.5688865536 0.6532354281 0.5414305766 0.4924101097 0.7136435439 0.4505662573 0.5173496836 0.0 0.8354244654 0.5394950331 0.715662665 0.4812779772 0.4268845496 0.6665227982 0.7158955182 0.754567372 0.646388299 0.9475412374 0.4747189755 0.4041882202 0.6705229679 0.8905860304 0.6613936328 0.5804198527 0.807010781 0.8934873209 1.344150182 1.8121383287 1.5503978908 1.7849002368 0.6733794224 0.6916636802 0.4216319356 0.4504763774 0.6794241993 1.0528729804 0.5043789324 0.7776374178 0.5337708561 0.469295511 0.9724676098
IT-AD-4 0.7009502292 0.4579896353 0.8684192984 0.8676228951 0.3983280429 0.7083673743 0.6274705158 0.8354244654 0.0 0.9020920783 1.1321202258 0.9079310696 0.7713728634 0.8357557884 0.9102046168 0.9030653434 1.1370370852 0.930729645 0.7965900599 0.9671670766 0.8757411797 0.9220363748 1.1082548448 0.8883485789 1.1281923412 1.2472126063 1.6383801734 1.8502502637 1.65776116 1.8508101308 0.6030215502 0.5517464996 0.8731641502 0.7992724672 0.9076768705 1.4318402066 0.7238207556 0.3476357142 0.8923125583 0.9267305242 1.0037359524
IT-AD-3 0.6804844985 0.6767104964 0.5084254239 0.5392430844 0.7497656806 0.5461894122 0.4818170041 0.5394950331 0.9020920783 0.0 0.6265199305 0.5314832539 0.4610383917 0.5786816581 0.5536289355 0.5396013129 0.8015425879 0.8507199149 0.4948611324 0.5594091427 0.5442193154 0.8805751757 0.4885861951 0.4519723746 0.6240837825 1.0210567076 1.4990779195 1.8347396502 1.5594834575 1.8156223737 0.7438357887 0.7037331693 0.4998635241 0.4701778489 0.6293666784 1.1732945955 0.3800426933 0.7825457971 0.4027205826 0.4547027955 0.9708645401
IT-AD-2 0.8837736906 0.9531969527 0.590968991 0.7945643237 1.0671682287 0.7878371639 0.6628021522 0.715662665 1.1321202258 0.6265199305 0.0 0.7529568442 0.674358505 0.8808312878 1.0379534154 0.9543333734 0.9036019946 0.8375945066 0.7914003273 0.8423193058 0.8953818609 1.2098150708 0.7720249104 0.6157624513 0.8587074072 1.0872536915 1.4415004104 1.7713322097 1.56539219 1.649366788 0.9167844592 0.9437545726 0.8626260846 0.7391671916 0.9823150967 1.308060537 0.6866910414 1.0035731658 0.8598127627 0.7908909894 1.2385974626
IT-AD-1 0.799103234 0.6695861813 0.6324874574 0.4534669593 0.8074503201 0.5527708181 0.7045745106 0.4812779772 0.9079310696 0.5314832539 0.7529568442 0.0 0.673129843 0.6300466392 0.7508081594 0.683226137 0.7175306542 0.9580788488 0.4806754945 0.561619003 0.5904624325 0.8977723424 0.760132982 0.5054893327 0.9439443026 1.0967180899 1.389169737 1.8070673549 1.5769688906 1.8246289838 0.915031872 0.6614922938 0.5909091388 0.4780127746 0.6273811447 1.213709712 0.5736255708 0.7354077034 0.5922279737 0.6388624278 0.8714819872
FR-AD-5 0.3932689728 0.5435198641 0.4649527342 0.5868246571 0.5847602457 0.4319382129 0.3553457712 0.4268845496 0.7713728634 0.4610383917 0.674358505 0.673129843 0.0 0.698862566 0.670024973 0.7419509696 0.7111839526 0.7624086568 0.5235667085 0.452815489 0.6278601927 0.8865539046 0.4945315116 0.5986951263 0.7110959468 0.8839745739 1.444968811 1.7911994519 1.480177178 1.8365218472 0.504704789 0.5745022018 0.4689424904 0.4538654518 0.6894450913 1.0942670904 0.4623994796 0.6709265272 0.4561859547 0.380379426 1.0506841334
JP-AD-8 0.8248400122 0.6883754467 0.7066735048 0.6925385779 0.7846985475 0.4990207635 0.6407953694 0.6665227982 0.8357557884 0.5786816581 0.8808312878 0.6300466392 0.698862566 0.0 0.8218469824 0.4520777506 1.0078613914 0.980837713 0.5217683281 0.7180047916 0.3336937189 0.5271855642 0.805126244 0.6613083257 0.889626561 1.2236993239 1.5975692612 1.8728019069 1.6392186232 1.84366088 0.894509841 0.5140882302 0.6674672694 0.507878979 0.3552590353 1.3856914534 0.4275552244 0.7355261728 0.6645598581 0.706497057 0.5485033782
JP-AD-9 0.684675898 0.8401552235 0.8380884232 0.7486028543 0.8206687803 0.6599868369 0.8157285246 0.7158955182 0.9102046168 0.5536289355 1.0379534154 0.7508081594 0.670024973 0.8218469824 0.0 0.4770342556 0.7716441024 1.006535405 0.5946921705 0.671023773 0.7464083323 0.844107468 0.5467840498 0.6957085431 0.8154976934 1.0001697493 1.48479876 1.8853540579 1.5749362412 1.8295278716 0.700175515 0.8498213386 0.5877321872 0.661361276 0.7978517061 1.0737056738 0.6179242552 0.920543633 0.4807497607 0.5274594482 1.078912824
JP-AD-1 0.8478160234 0.7524318583 0.7881145938 0.7365634507 0.8208209917 0.5251652157 0.7379599648 0.754567372 0.9030653434 0.5396013129 0.9543333734 0.683226137 0.7419509696 0.4520777506 0.4770342556 0.0 0.9654517646 0.8941965038 0.4271096741 0.748984261 0.4747824239 0.7066782528 0.6300859838 0.6854582705 0.7851117478 1.2005745327 1.523317395 1.8819042909 1.6418158882 1.838534921 0.942840716 0.6085137056 0.7245083824 0.530364026 0.5675648177 1.363617516 0.4399737014 0.784531821 0.6104447161 0.6965514438 0.7874238364
JP-AD-2 0.737249139 1.0493237225 0.8764914844 0.8244270739 1.0753899351 0.8385721889 0.8889125562 0.646388299 1.1370370852 0.8015425879 0.9036019946 0.7175306542 0.7111839526 1.0078613914 0.7716441024 0.9654517646 0.0 0.8118175182 0.7699890717 0.5626545928 0.9446768243 1.1378971632 0.7478499966 0.9176837043 0.855102278 0.8181372011 1.284204409 1.8176345659 1.5100865924 1.7939414046 0.8038445734 1.0465488468 0.6935411412 0.8209262952 1.0021852829 0.9099348074 0.8293968462 1.119215652 0.7311220675 0.6552599738 1.2939309888
JP-AD-3 0.7200567288 0.8521632643 0.757459282 1.0823055293 0.9041349679 0.8827685667 0.620794138 0.9475412374 0.930729645 0.8507199149 0.8375945066 0.9580788488 0.7624086568 0.980837713 1.006535405 0.8941965038 0.8118175182 0.0 0.8648369793 0.9994694766 0.9990292379 1.2347395438 0.9173166672 1.0379647099 0.9586359194 1.2396184553 1.4890640866 1.8671007179 1.6614459318 1.7899739252 0.7584094732 0.7662831014 1.0237872864 0.944529928 1.1311548601 1.440430387 0.8017832964 0.8281398552 0.9859827219 0.9484609034 1.2722648468
JP-AD-4 0.6799026127 0.6021507802 0.6879899577 0.5629760694 0.7154241896 0.407914068 0.6251339561 0.4747189755 0.7965900599 0.4948611324 0.7914003273 0.4806754945 0.5235667085 0.5217683281 0.5946921705 0.4271096741 0.7699890717 0.8648369793 0.0 0.5284294265 0.4867765046 0.7153771575 0.5799408471 0.5848166398 0.7125917143 1.038884133 1.3895313005 1.79915901 1.5502366389 1.8279459915 0.8090613721 0.5447758367 0.5637685839 0.3696815067 0.5836303766 1.2357554811 0.3534037281 0.6802352381 0.547163195 0.6094701807 0.8140205377
JP-AD-5 0.63900653 0.8081610749 0.6762679296 0.5946107877 0.8385376971 0.6250991425 0.6663321886 0.4041882202 0.9671670766 0.5594091427 0.8423193058 0.561619003 0.452815489 0.7180047916 0.671023773 0.748984261 0.5626545928 0.9994694766 0.5284294265 0.0 0.6810691713 0.9465648942 0.5640580722 0.6452832233 0.6988817218 0.8423900001 1.338704275 1.7942224913 1.479311229 1.818420315 0.7567689594 0.8277461838 0.4461786236 0.6034665944 0.7506601681 0.9160265452 0.6352756798 0.9311305884 0.5163792887 0.4441591872 1.0603429246
JP-AD-6 0.8204542929 0.6597493044 0.7478009717 0.6451379046 0.8075120152 0.4698520822 0.6687797861 0.6705229679 0.8757411797 0.5442193154 0.8953818609 0.5904624325 0.6278601927 0.3336937189 0.7464083323 0.4747824239 0.9446768243 0.9990292379 0.4867765046 0.6810691713 0.0 0.5727240859 0.6709010161 0.6026777494 0.8435622355 1.1799589848 1.5310001841 1.847735166 1.5311930811 1.8428768789 0.9131946735 0.4875426999 0.6085507647 0.4322772883 0.3236708828 1.2974837403 0.4705717603 0.7093516115 0.5045380948 0.5988710197 0.6027756497
JP-AD-7 0.936217485 0.7508267989 1.018819361 0.8359407067 0.8284502371 0.6662563413 0.9487751362 0.8905860304 0.9220363748 0.8805751757 1.2098150708 0.8977723424 0.8865539046 0.5271855642 0.844107468 0.7066782528 1.1378971632 1.2347395438 0.7153771575 0.9465648942 0.5727240859 0.0 0.9783302088 0.8757197459 1.1472154046 1.3788122087 1.5694633098 1.8889884019 1.6335255328 1.852928658 0.9319086234 0.6853155804 0.8003853932 0.6399084688 0.3980289627 1.3175443742 0.721122563 0.8572988658 0.7901721657 0.8626950846 0.5765497556
AM-F10-T1 0.7362105226 0.8976380751 0.7288633092 0.7265590275 0.9496693661 0.7143047319 0.6763103702 0.6613936328 1.1082548448 0.4885861951 0.7720249104 0.760132982 0.4945315116 0.805126244 0.5467840498 0.6300859838 0.7478499966 0.9173166672 0.5799408471 0.5640580722 0.6709010161 0.9783302088 0.0 0.7152921521 0.457538106 0.8882764637 1.4003746296 1.7895195077 1.4061056954 1.8422761716 0.747887904 0.9065677598 0.499957059 0.6654918288 0.8293409063 0.9630490324 0.6185342222 0.9835039294 0.4122477359 0.427275276 1.1802081342
ES-AD-4 0.7188937061 0.6353941158 0.5993750525 0.4880929938 0.7348536522 0.4727619734 0.6526902607 0.5804198527 0.8883485789 0.4519723746 0.6157624513 0.5054893327 0.5986951263 0.6613083257 0.6957085431 0.6854582705 0.9176837043 1.0379647099 0.5848166398 0.6452832233 0.6026777494 0.8757197459 0.7152921521 0.0 0.9332919493 1.1501664202 1.5469982759 1.8805847648 1.6262800611 1.8427598283 0.8249064355 0.6852141967 0.5813613385 0.4696113729 0.596150063 1.2988896739 0.5344572945 0.7461675677 0.5131087928 0.5626719235 0.9425802065
AM-F10-T2 0.9156399162 1.1018282581 0.8551301336 0.9221670375 1.0931467747 0.9199831007 0.7402543152 0.807010781 1.1281923412 0.6240837825 0.8587074072 0.9439443026 0.7110959468 0.889626561 0.8154976934 0.7851117478 0.855102278 0.9586359194 0.7125917143 0.6988817218 0.8435622355 1.1472154046 0.457538106 0.9332919493 0.0 0.7930387615 1.3719888152 1.5702924955 1.1790823634 1.851512038 0.909504807 1.0562253624 0.6668310946 0.8865223904 1.0128194985 0.9970455806 0.7009540492 1.1444960122 0.6578441473 0.6958839846 1.2931702528
AM-AD-1 1.0124274829 1.2909763006 1.1272244187 1.0642608684 1.2929160926 1.049649786 1.0272710393 0.8934873209 1.2472126063 1.0210567076 1.0872536915 1.0967180899 0.8839745739 1.2236993239 1.0001697493 1.2005745327 0.8181372011 1.2396184553 1.038884133 0.8423900001 1.1799589848 1.3788122087 0.8882764637 1.1501664202 0.7930387615 0.0 1.2727643581 1.6976208142 1.3495050099 1.8335842625 0.9700310467 1.3508662661 0.8755883719 1.1191768341 1.2455970338 0.8117877631 1.0378539029 1.3885101507 0.9494308328 0.8615184081 1.5422284311
JP-IN-4 1.5329676238 1.6164371797 1.5271903224 1.4716274085 1.6177318133 1.5168643911 1.526726455 1.344150182 1.6383801734 1.4990779195 1.4415004104 1.389169737 1.444968811 1.5975692612 1.48479876 1.523317395 1.284204409 1.4890640866 1.3895313005 1.338704275 1.5310001841 1.5694633098 1.4003746296 1.5469982759 1.3719888152 1.2727643581 0.0 1.7089727763 1.501089969 1.5740638588 1.5308961182 1.627374249 1.4377504134 1.5187823746 1.5781229263 1.3955865454 1.524155198 1.6592831118 1.4788023643 1.42978317 1.6891127254
JP-IN-2 1.8771865747 1.8886092284 1.8629676339 1.8459894486 1.9004057972 1.8744871274 1.8318288455 1.8121383287 1.8502502637 1.8347396502 1.7713322097 1.8070673549 1.7911994519 1.8728019069 1.8853540579 1.8819042909 1.8176345659 1.8671007179 1.79915901 1.7942224913 1.847735166 1.8889884019 1.7895195077 1.8805847648 1.5702924955 1.6976208142 1.7089727763 0.0 0.8533369325 1.9220270561 1.8336796607 1.8921895675 1.8575456975 1.8541506697 1.8855589786 1.8246686997 1.8417954235 1.8929210073 1.8740253316 1.8491575109 1.8909373117
JP-IN-3 1.6169828014 1.6565764583 1.6451876614 1.5611551383 1.6454247217 1.6249939087 1.5929052468 1.5503978908 1.65776116 1.5594834575 1.56539219 1.5769688906 1.480177178 1.6392186232 1.5749362412 1.6418158882 1.5100865924 1.6614459318 1.5502366389 1.479311229 1.5311930811 1.6335255328 1.4061056954 1.6262800611 1.1790823634 1.3495050099 1.501089969 0.8533369325 0.0 1.8693621116 1.5503224082 1.6680460708 1.454207349 1.589752502 1.6065921383 1.3980610922 1.5999800648 1.7187353066 1.4889071337 1.4836818924 1.7324943454
JP-IN-1 1.829557397 1.8351250905 1.829199412 1.8224434015 1.8392144157 1.8266529173 1.8350340226 1.7849002368 1.8508101308 1.8156223737 1.649366788 1.8246289838 1.8365218472 1.84366088 1.8295278716 1.838534921 1.7939414046 1.7899739252 1.8279459915 1.818420315 1.8428768789 1.852928658 1.8422761716 1.8427598283 1.851512038 1.8335842625 1.5740638588 1.9220270561 1.8693621116 0.0 1.8239247138 1.8473627068 1.8292710996 1.8308873098 1.8435434591 1.832821752 1.8363398364 1.8464712618 1.8359864701 1.8170218024 1.8567067476
FR-AD-6 0.4184611818 0.5292955885 0.712407252 0.8257030687 0.5286810863 0.6694484021 0.5072982368 0.6733794224 0.6030215502 0.7438357887 0.9167844592 0.915031872 0.504704789 0.894509841 0.700175515 0.942840716 0.8038445734 0.7584094732 0.8090613721 0.7567689594 0.9131946735 0.9319086234 0.747887904 0.8249064355 0.909504807 0.9700310467 1.5308961182 1.8336796607 1.5503224082 1.8239247138 0.0 0.638543411 0.6338111844 0.7459456136 0.8831571133 1.05615681 0.69528286 0.6457101056 0.6814461545 0.6230813282 1.1659687454
ES-AD-3 0.5485150326 0.3207279797 0.6566278846 0.6839171623 0.4967344185 0.4311446015 0.4690269794 0.6916636802 0.5517464996 0.7037331693 0.9437545726 0.6614922938 0.5745022018 0.5140882302 0.8498213386 0.6085137056 1.0465488468 0.7662831014 0.5447758367 0.8277461838 0.4875426999 0.6853155804 0.9065677598 0.6852141967 1.0562253624 1.3508662661 1.627374249 1.8921895675 1.6680460708 1.8473627068 0.638543411 0.0 0.7499349698 0.4200469344 0.5118901363 1.4658478566 0.4895990192 0.3583751738 0.6939393279 0.7730902516 0.7101544202
FR-AD-8 0.6715320222 0.7032372441 0.718560208 0.5090756181 0.7187878585 0.5313464869 0.6154088456 0.4216319356 0.8731641502 0.4998635241 0.8626260846 0.5909091388 0.4689424904 0.6674672694 0.5877321872 0.7245083824 0.6935411412 1.0237872864 0.5637685839 0.4461786236 0.6085507647 0.8003853932 0.499957059 0.5813613385 0.6668310946 0.8755883719 1.4377504134 1.8575456975 1.454207349 1.8292710996 0.6338111844 0.7499349698 0.0 0.5365017856 0.6412721611 0.8223344754 0.5464049636 0.8447600954 0.2771232849 0.350132131 0.9675142226
FR-AD-2 0.5740505544 0.4547484881 0.562886191 0.3997618251 0.6362024799 0.2756112905 0.5470810638 0.4504763774 0.7992724672 0.4701778489 0.7391671916 0.4780127746 0.4538654518 0.507878979 0.661361276 0.530364026 0.8209262952 0.944529928 0.3696815067 0.6034665944 0.4322772883 0.6399084688 0.6654918288 0.4696113729 0.8865223904 1.1191768341 1.5187823746 1.8541506697 1.589752502 1.8308873098 0.7459456136 0.4200469344 0.5365017856 0.0 0.3988816253 1.2219072538 0.3289182912 0.5851148484 0.4919018891 0.526684701 0.7729266736
FR-AD-3 0.7936826559 0.5673708644 0.7942056839 0.5994864898 0.6970601364 0.4719058566 0.7307936947 0.6794241993 0.9076768705 0.6293666784 0.9823150967 0.6273811447 0.6894450913 0.3552590353 0.7978517061 0.5675648177 1.0021852829 1.1311548601 0.5836303766 0.7506601681 0.3236708828 0.3980289627 0.8293409063 0.596150063 1.0128194985 1.2455970338 1.5781229263 1.8855589786 1.6065921383 1.8435434591 0.8831571133 0.5118901363 0.6412721611 0.3988816253 0.0 1.3218069167 0.5634910709 0.6782224163 0.596412595 0.6544551915 0.4728112253
AM-AD-2 1.2083606568 1.3761363993 1.3497016376 1.1347934147 1.3452145403 1.2697372863 1.231359318 1.0528729804 1.4318402066 1.1732945955 1.308060537 1.213709712 1.0942670904 1.3856914534 1.0737056738 1.363617516 0.9099348074 1.440430387 1.2357554811 0.9160265452 1.2974837403 1.3175443742 0.9630490324 1.2988896739 0.9970455806 0.8117877631 1.3955865454 1.8246686997 1.3980610922 1.832821752 1.05615681 1.4658478566 0.8223344754 1.2219072538 1.3218069167 0.0 1.2335987762 1.5191279496 0.9442182447 0.9350923184 1.5975260358
FR-AD-1 0.6191899328 0.5506516103 0.4852561422 0.5889676563 0.6623790029 0.3159299691 0.444034096 0.5043789324 0.7238207556 0.3800426933 0.6866910414 0.5736255708 0.4623994796 0.4275552244 0.6179242552 0.4399737014 0.8293968462 0.8017832964 0.3534037281 0.6352756798 0.4705717603 0.721122563 0.6185342222 0.5344572945 0.7009540492 1.0378539029 1.524155198 1.8417954235 1.5999800648 1.8363398364 0.69528286 0.4895990192 0.5464049636 0.3289182912 0.5634910709 1.2335987762 0.0 0.626157654 0.4774059213 0.5464047362 0.8311861916
ES-AD-2 0.6354718988 0.2660609483 0.7114619362 0.7525720545 0.2880864453 0.5508988711 0.511614754 0.7776374178 0.3476357142 0.7825457971 1.0035731658 0.7354077034 0.6709265272 0.7355261728 0.920543633 0.784531821 1.119215652 0.8281398552 0.6802352381 0.9311305884 0.7093516115 0.8572988658 0.9835039294 0.7461675677 1.1444960122 1.3885101507 1.6592831118 1.8929210073 1.7187353066 1.8464712618 0.6457101056 0.3583751738 0.8447600954 0.5851148484 0.6782224163 1.5191279496 0.626157654 0.0 0.7810689557 0.8355772506 0.8700455442
FR-AD-7 0.6186119015 0.6843896568 0.6711755597 0.5365746718 0.7045679204 0.4978290234 0.6172767775 0.5337708561 0.8923125583 0.4027205826 0.8598127627 0.5922279737 0.4561859547 0.6645598581 0.4807497607 0.6104447161 0.7311220675 0.9859827219 0.547163195 0.5163792887 0.5045380948 0.7901721657 0.4122477359 0.5131087928 0.6578441473 0.9494308328 1.4788023643 1.8740253316 1.4889071337 1.8359864701 0.6814461545 0.6939393279 0.2771232849 0.4919018891 0.596412595 0.9442182447 0.4774059213 0.7810689557 0.0 0.2512886571 0.9698276185
FR-AD-4 0.5522862206 0.7197900559 0.5852577116 0.5586158601 0.7232205601 0.4875761059 0.5579481556 0.469295511 0.9267305242 0.4547027955 0.7908909894 0.6388624278 0.380379426 0.706497057 0.5274594482 0.6965514438 0.6552599738 0.9484609034 0.6094701807 0.4441591872 0.5988710197 0.8626950846 0.427275276 0.5626719235 0.6958839846 0.8615184081 1.42978317 1.8491575109 1.4836818924 1.8170218024 0.6230813282 0.7730902516 0.350132131 0.526684701 0.6544551915 0.9350923184 0.5464047362 0.8355772506 0.2512886571 0.0 1.0273044654
ES-AD-1 1.1007135736 0.8500973725 1.0496448434 0.8914160821 0.9614415211 0.7843890985 1.017459537 0.9724676098 1.0037359524 0.9708645401 1.2385974626 0.8714819872 1.0506841334 0.5485033782 1.078912824 0.7874238364 1.2939309888 1.2722648468 0.8140205377 1.0603429246 0.6027756497 0.5765497556 1.1802081342 0.9425802065 1.2931702528 1.5422284311 1.6891127254 1.8909373117 1.7324943454 1.8567067476 1.1659687454 0.7101544202 0.9675142226 0.7729266736 0.4728112253 1.5975260358 0.8311861916 0.8700455442 0.9698276185 1.0273044654 0.0
