AM-F10-T2 0.0 0.62996287123 0.525628120182 0.461989221207 0.526901838124 0.547981367447 0.627670956839 0.574444476285 0.507742152405 0.357378896054 0.475564542231 0.554868391732 0.433906419273 0.343608882173 0.506270706564 0.500369009521 0.466991112717 0.463961830245 0.506850372935 0.395024354149 0.58596832144 0.404532853328 0.403815123713 0.535963594326 0.43771714712 0.47716689241 0.385929457607 0.338629717609 0.478900990446 0.602511843172 0.460910773711 0.500344680063
DA-AD-1 0.62996287123 0.0 0.567877833056 0.58571988691 0.33131852616 0.590468817503 0.217659793343 0.271238245185 0.514089648476 0.544885979981 0.571280298068 0.551894485506 0.510360421984 0.427863548573 0.392829186384 0.522553148624 0.531274496435 0.556912203344 0.674808776209 0.532935266319 0.358636126857 0.572800287663 0.42748459469 0.589983717221 0.579151717423 0.580159398908 0.587963382575 0.574358324747 0.558093917676 0.610760727792 0.572489234634 0.585794513758
DA-AD-2 0.525628120182 0.567877833056 0.0 0.375322482642 0.57394619726 0.388431921512 0.58530366288 0.510420380143 0.256422459092 0.387332955819 0.238401642572 0.231896943412 0.38390601308 0.513856390375 0.554320643967 0.446607898035 0.376957069646 0.371098678347 0.5674196425 0.35850390883 0.657937910276 0.376488093707 0.522487803826 0.441853576254 0.539263094139 0.556560148058 0.420421860844 0.392540998372 0.328582463406 0.480953294665 0.380522531359 0.472649079612
DA-AD-3 0.461989221207 0.58571988691 0.375322482642 0.0 0.528923929454 0.571247819502 0.598512069814 0.572240627242 0.30006023848 0.327238799737 0.35096917871 0.451961779513 0.429597292676 0.483854165547 0.554642154345 0.468324819061 0.47147614459 0.415662859339 0.456869507646 0.341315469238 0.631194370867 0.392067739079 0.418213536246 0.519828065362 0.412210123986 0.432921981146 0.449570086218 0.410113360179 0.470045906606 0.637098193121 0.503943989093 0.543378271532
DA-AD-4 0.526901838124 0.33131852616 0.57394619726 0.528923929454 0.0 0.586874861083 0.340469443543 0.361706368181 0.506264015073 0.435793687531 0.49852224009 0.560032022548 0.437414963781 0.338142657322 0.295779838988 0.444070994751 0.447842625797 0.497783391703 0.619495153553 0.475290172663 0.40380790281 0.484832813169 0.349403480913 0.54529724685 0.422614309348 0.462138085894 0.495609014412 0.489553131652 0.544410516559 0.577029059433 0.517060146683 0.497175609334
ES-AD-1 0.547981367447 0.590468817503 0.388431921512 0.571247819502 0.586874861083 0.0 0.563934689492 0.423567462408 0.438076776025 0.443384607384 0.440280825666 0.267553305203 0.454319570247 0.541449320927 0.570888517302 0.520352176438 0.427994630668 0.415940724194 0.65794456174 0.402670899862 0.63815604724 0.497281639439 0.564879311632 0.291058388824 0.550932057676 0.537336615461 0.340313625721 0.415559912201 0.213159646105 0.384647112863 0.235755789115 0.407667935496
ES-AD-2 0.627670956839 0.217659793343 0.58530366288 0.598512069814 0.340469443543 0.563934689492 0.0 0.249032091469 0.562608611072 0.557526301174 0.571698646398 0.561453733324 0.559286272539 0.440217364058 0.424488693153 0.584935548787 0.576389135317 0.572464876769 0.68301058146 0.560805536242 0.309692762142 0.585911440172 0.418443760497 0.565411381112 0.567417032749 0.522248162324 0.554087685909 0.579760950686 0.556681798636 0.599016908067 0.553812972143 0.572645057754
ES-AD-3 0.574444476285 0.271238245185 0.510420380143 0.572240627242 0.361706368181 0.423567462408 0.249032091469 0.0 0.489084668932 0.479098372129 0.510979747247 0.448378501201 0.494326404161 0.422282770103 0.40311345018 0.515043575191 0.470100580151 0.498460154651 0.660897956793 0.466211266234 0.359093556589 0.519945226619 0.405661816652 0.449004741434 0.548953649768 0.507842704549 0.468882977121 0.502655167172 0.438218920917 0.52577044504 0.428635905039 0.494329326721
ES-AD-4 0.507742152405 0.514089648476 0.256422459092 0.30006023848 0.506264015073 0.438076776025 0.562608611072 0.489084668932 0.0 0.302145588438 0.25965918117 0.267208493303 0.308212160586 0.492913461418 0.513835403674 0.329402199977 0.341460710666 0.334791767111 0.541455885202 0.281032477033 0.63771190726 0.38801584566 0.49143633954 0.419661618172 0.478856205182 0.509000593161 0.414131937447 0.370695189235 0.336829658751 0.498590812163 0.390413574816 0.446605926345
FR-AD-1 0.357378896054 0.544885979981 0.387332955819 0.327238799737 0.435793687531 0.443384607384 0.557526301174 0.479098372129 0.302145588438 0.0 0.317916200561 0.374780022306 0.305253496326 0.374370653673 0.459461530414 0.338936266275 0.313865389469 0.333069677474 0.482775770948 0.189014204979 0.579226167811 0.341969469154 0.367732614353 0.369930565338 0.360840042263 0.408470843085 0.284006834953 0.288268260433 0.351943060578 0.498610140861 0.327359353646 0.379623009689
FR-AD-2 0.475564542231 0.571280298068 0.238401642572 0.35096917871 0.49852224009 0.440280825666 0.571698646398 0.510979747247 0.25965918117 0.317916200561 0.0 0.294513849027 0.353585772351 0.469946977662 0.51634620937 0.397561802103 0.349473693141 0.341931135738 0.541126978103 0.354345879091 0.634057144468 0.347090512798 0.494366612854 0.427074394679 0.474624287886 0.501419476808 0.37085747012 0.357138947023 0.36462512234 0.480535423202 0.381114808925 0.433463960487
FR-AD-3 0.554868391732 0.551894485506 0.231896943412 0.451961779513 0.560032022548 0.267553305203 0.561453733324 0.448378501201 0.267208493303 0.374780022306 0.294513849027 0.0 0.377407952172 0.541092643927 0.555357914648 0.409441520596 0.335698833526 0.362720542958 0.612128318466 0.336133298354 0.656602587932 0.440096734408 0.547694118071 0.329897042486 0.539910940937 0.531980820993 0.358569003923 0.406724272462 0.245523683793 0.400343367669 0.278272166156 0.402927330459
FR-AD-4 0.433906419273 0.510360421984 0.38390601308 0.429597292676 0.437414963781 0.454319570247 0.559286272539 0.494326404161 0.308212160586 0.305253496326 0.353585772351 0.377407952172 0.0 0.412310990304 0.433641142922 0.30941568851 0.306431179344 0.373418168657 0.558846179798 0.295970074803 0.618523548853 0.400932511124 0.45678850733 0.431443815183 0.402124084362 0.491965816415 0.407021937059 0.340543563852 0.362119794241 0.484819561374 0.383222547207 0.389350663124
FR-AD-5 0.343608882173 0.427863548573 0.513856390375 0.483854165547 0.338142657322 0.541449320927 0.440217364058 0.422282770103 0.492913461418 0.374370653673 0.469946977662 0.541092643927 0.412310990304 0.0 0.347537147421 0.488157484673 0.460274064548 0.465002951085 0.54512894148 0.403243308065 0.425924616238 0.423572963924 0.283837722483 0.527885505941 0.416466641128 0.447839495838 0.388746012191 0.37489082241 0.472140933544 0.544501993612 0.450035828284 0.470221510571
FR-AD-6 0.506270706564 0.392829186384 0.554320643967 0.554642154345 0.295779838988 0.570888517302 0.424488693153 0.40311345018 0.513835403674 0.459461530414 0.51634620937 0.555357914648 0.433641142922 0.347537147421 0.0 0.472923557275 0.446442963804 0.547578204508 0.626366783294 0.485434229201 0.377694592445 0.487656677954 0.369861628311 0.564357896502 0.462379781742 0.505516288573 0.524437877615 0.493771855019 0.543826391416 0.520652533707 0.498635041589 0.510879312132
FR-AD-7 0.500369009521 0.522553148624 0.446607898035 0.468324819061 0.444070994751 0.520352176438 0.584935548787 0.515043575191 0.329402199977 0.338936266275 0.397561802103 0.409441520596 0.30941568851 0.488157484673 0.472923557275 0.0 0.280606684085 0.406318251356 0.583562247638 0.324659832546 0.641323554674 0.403727313491 0.523243416789 0.472729637287 0.456274817317 0.535764061204 0.460313826083 0.399296080901 0.440272475349 0.483440167264 0.436585585565 0.392099418978
FR-AD-8 0.466991112717 0.531274496435 0.376957069646 0.47147614459 0.447842625797 0.427994630668 0.576389135317 0.470100580151 0.341460710666 0.313865389469 0.349473693141 0.335698833526 0.306431179344 0.460274064548 0.446442963804 0.280606684085 0.0 0.361276295713 0.590118175881 0.313439803609 0.605269460143 0.355149637574 0.47081607692 0.449887413292 0.448508996162 0.528848547759 0.412744133321 0.351629690953 0.375239240285 0.422209133776 0.324480082151 0.404335682289
IT-AD-1 0.463961830245 0.556912203344 0.371098678347 0.415662859339 0.497783391703 0.415940724194 0.572464876769 0.498460154651 0.334791767111 0.333069677474 0.341931135738 0.362720542958 0.373418168657 0.465002951085 0.547578204508 0.406318251356 0.361276295713 0.0 0.51921845054 0.31990124516 0.640818464762 0.338854716306 0.49428954473 0.420753557006 0.448727232445 0.501159432463 0.346694236728 0.324350390661 0.304145305852 0.504499041432 0.374247774728 0.461406815578
IT-AD-2 0.506850372935 0.674808776209 0.5674196425 0.456869507646 0.619495153553 0.65794456174 0.68301058146 0.660897956793 0.541455885202 0.482775770948 0.541126978103 0.612128318466 0.558846179798 0.54512894148 0.626366783294 0.583562247638 0.590118175881 0.51921845054 0.0 0.463784929729 0.658763987896 0.463948714936 0.522975387068 0.625731609171 0.526712324436 0.532907051585 0.527131136409 0.488809410247 0.576064209975 0.707020380415 0.600861325201 0.62467011004
IT-AD-3 0.395024354149 0.532935266319 0.35850390883 0.341315469238 0.475290172663 0.402670899862 0.560805536242 0.466211266234 0.281032477033 0.189014204979 0.354345879091 0.336133298354 0.295970074803 0.403243308065 0.485434229201 0.324659832546 0.313439803609 0.31990124516 0.463784929729 0.0 0.590984895571 0.334028672086 0.394161510191 0.376210283658 0.39910002936 0.425923879687 0.275320712251 0.254380928915 0.280054243055 0.48987256839 0.299288163102 0.389184884659
IT-AD-4 0.58596832144 0.358636126857 0.657937910276 0.631194370867 0.40380790281 0.63815604724 0.309692762142 0.359093556589 0.63771190726 0.579226167811 0.634057144468 0.656602587932 0.618523548853 0.425924616238 0.377694592445 0.641323554674 0.605269460143 0.640818464762 0.658763987896 0.590984895571 0.0 0.581942779055 0.384637841147 0.649840206688 0.598915483599 0.563362908086 0.594370587 0.58243067051 0.630815382343 0.648746190181 0.597643273589 0.63245331461
IT-AD-5 0.404532853328 0.572800287663 0.376488093707 0.392067739079 0.484832813169 0.497281639439 0.585911440172 0.519945226619 0.38801584566 0.341969469154 0.347090512798 0.440096734408 0.400932511124 0.423572963924 0.487656677954 0.403727313491 0.355149637574 0.338854716306 0.463948714936 0.334028672086 0.581942779055 0.0 0.423279902194 0.517480181731 0.440541229623 0.509270843279 0.413836029798 0.290223065913 0.419371241236 0.561907262244 0.433048580752 0.503540827469
IT-AD-6 0.403815123713 0.42748459469 0.522487803826 0.418213536246 0.349403480913 0.564879311632 0.418443760497 0.405661816652 0.49143633954 0.367732614353 0.494366612854 0.547694118071 0.45678850733 0.283837722483 0.369861628311 0.523243416789 0.47081607692 0.49428954473 0.522975387068 0.394161510191 0.384637841147 0.423279902194 0.0 0.542656041312 0.422960027457 0.40506577907 0.445075481335 0.418812518191 0.508774998552 0.63532125328 0.488329319856 0.538558029959
JP-AD-1 0.535963594326 0.589983717221 0.441853576254 0.519828065362 0.54529724685 0.291058388824 0.565411381112 0.449004741434 0.419661618172 0.369930565338 0.427074394679 0.329897042486 0.431443815183 0.527885505941 0.564357896502 0.472729637287 0.449887413292 0.420753557006 0.625731609171 0.376210283658 0.649840206688 0.517480181731 0.542656041312 0.0 0.463246929618 0.459520105236 0.310160518837 0.447730334742 0.314511343639 0.446148677642 0.314438590764 0.346380747109
JP-AD-2 0.43771714712 0.579151717423 0.539263094139 0.412210123986 0.422614309348 0.550932057676 0.567417032749 0.548953649768 0.478856205182 0.360840042263 0.474624287886 0.539910940937 0.402124084362 0.416466641128 0.462379781742 0.456274817317 0.448508996162 0.448727232445 0.526712324436 0.39910002936 0.598915483599 0.440541229623 0.422960027457 0.463246929618 0.0 0.300710339432 0.416539625561 0.412662588201 0.483047442311 0.552184207724 0.472921574788 0.459828186101
JP-AD-3 0.47716689241 0.580159398908 0.556560148058 0.432921981146 0.462138085894 0.537336615461 0.522248162324 0.507842704549 0.509000593161 0.408470843085 0.501419476808 0.531980820993 0.491965816415 0.447839495838 0.505516288573 0.535764061204 0.528848547759 0.501159432463 0.532907051585 0.425923879687 0.563362908086 0.509270843279 0.40506577907 0.459520105236 0.300710339432 0.0 0.39017699644 0.464369433937 0.488927092625 0.592330803898 0.479501231615 0.465694919843
JP-AD-4 0.385929457607 0.587963382575 0.420421860844 0.449570086218 0.495609014412 0.340313625721 0.554087685909 0.468882977121 0.414131937447 0.284006834953 0.37085747012 0.358569003923 0.407021937059 0.388746012191 0.524437877615 0.460313826083 0.412744133321 0.346694236728 0.527131136409 0.275320712251 0.594370587 0.413836029798 0.445075481335 0.310160518837 0.416539625561 0.39017699644 0.0 0.290537033303 0.260332120087 0.435305637585 0.250030575209 0.347248084238
JP-AD-5 0.338629717609 0.574358324747 0.392540998372 0.410113360179 0.489553131652 0.415559912201 0.579760950686 0.502655167172 0.370695189235 0.288268260433 0.357138947023 0.406724272462 0.340543563852 0.37489082241 0.493771855019 0.399296080901 0.351629690953 0.324350390661 0.488809410247 0.254380928915 0.58243067051 0.290223065913 0.418812518191 0.447730334742 0.412662588201 0.464369433937 0.290537033303 0.0 0.298911707822 0.498107978003 0.331238268578 0.436547645655
JP-AD-6 0.478900990446 0.558093917676 0.328582463406 0.470045906606 0.544410516559 0.213159646105 0.556681798636 0.438218920917 0.336829658751 0.351943060578 0.36462512234 0.245523683793 0.362119794241 0.472140933544 0.543826391416 0.440272475349 0.375239240285 0.304145305852 0.576064209975 0.280054243055 0.630815382343 0.419371241236 0.508774998552 0.314511343639 0.483047442311 0.488927092625 0.260332120087 0.298911707822 0.0 0.392881380816 0.200287692293 0.386073876658
JP-AD-7 0.602511843172 0.610760727792 0.480953294665 0.637098193121 0.577029059433 0.384647112863 0.599016908067 0.52577044504 0.498590812163 0.498610140861 0.480535423202 0.400343367669 0.484819561374 0.544501993612 0.520652533707 0.483440167264 0.422209133776 0.504499041432 0.707020380415 0.48987256839 0.648746190181 0.561907262244 0.63532125328 0.446148677642 0.552184207724 0.592330803898 0.435305637585 0.498107978003 0.392881380816 0.0 0.322787464687 0.403873230875
JP-AD-8 0.460910773711 0.572489234634 0.380522531359 0.503943989093 0.517060146683 0.235755789115 0.553812972143 0.428635905039 0.390413574816 0.327359353646 0.381114808925 0.278272166156 0.383222547207 0.450035828284 0.498635041589 0.436585585565 0.324480082151 0.374247774728 0.600861325201 0.299288163102 0.597643273589 0.433048580752 0.488329319856 0.314438590764 0.472921574788 0.479501231615 0.250030575209 0.331238268578 0.200287692293 0.322787464687 0.0 0.342695622388
JP-AD-9 0.500344680063 0.585794513758 0.472649079612 0.543378271532 0.497175609334 0.407667935496 0.572645057754 0.494329326721 0.446605926345 0.379623009689 0.433463960487 0.402927330459 0.389350663124 0.470221510571 0.510879312132 0.392099418978 0.404335682289 0.461406815578 0.62467011004 0.389184884659 0.63245331461 0.503540827469 0.538558029959 0.346380747109 0.459828186101 0.465694919843 0.347248084238 0.436547645655 0.386073876658 0.403873230875 0.342695622388 0.0
