AM-F10-T2-RITA 0.0 0.137528138229 0.322544372317 0.298018931774 0.211471893082 0.17838502162 0.144982774177 0.157528023713 0.204737032767 0.176331405889 0.598461953361 0.484235451058 0.399439038797 0.368229792703 0.330249743179 0.294201940719 0.215391352055 0.180851730021 0.172810437022 0.116012317823 0.198517433011 0.161435900807 0.372438547732 0.297302869899 0.169146199767 0.171740181265 0.131799755286 0.121321781961 0.229946156983 0.194665362283 0.195602849094 0.173337649604 0.188542851593 0.177511985015 0.218652174132 0.145917381248 0.250830630086 0.201433144101 0.198008874457 0.146374239029 0.455250144671 0.381358149056 0.134728775125 0.123491715996 0.197886168314 0.151462578002 0.382160500426 0.321389298696 0.136989009579 0.148878553071 0.204471512492 0.17126521763 0.26550828788 0.184970761755 0.141228536904 0.0931636819271 0.422453573484 0.317517712759 0.448997248468 0.427752746968 0.382853407836 0.29023467235 0.261158000068 0.228699961476
AM-F10-T2-SMASH 0.137528138229 0.0 0.375637862517 0.339481413209 0.292967593098 0.251067978488 0.22947285677 0.219802694176 0.27293570808 0.23839520287 0.649952770454 0.533414213442 0.442975987037 0.405854903264 0.389799655637 0.344770253923 0.295951623674 0.247521426347 0.258165924052 0.188887809624 0.279772190683 0.233223638469 0.438283552237 0.360772725575 0.2581636573 0.225037460796 0.205843472892 0.154117344986 0.294100868242 0.245026444945 0.285952347284 0.234759012861 0.280100588165 0.247524906224 0.296632981182 0.227502494627 0.293926314077 0.235375934495 0.276270536099 0.213059515662 0.486186457491 0.407250948419 0.227771061768 0.199930287193 0.258478840405 0.197358803053 0.445185472164 0.376905288437 0.221624696278 0.201412819912 0.266031492073 0.223401610352 0.327768513717 0.236201707866 0.234130779092 0.165910666666 0.482252775318 0.371347415942 0.507860838116 0.473847026035 0.445021968178 0.347382993412 0.330924769595 0.286005617211
DA-AD-1-RITA 0.322544372317 0.375637862517 0.0 0.114473841534 0.291413357083 0.287121029606 0.261548417913 0.305430663383 0.160478132422 0.254288872882 0.59607996997 0.495793153888 0.100241222192 0.0994504755664 0.14565814379 0.0989251263806 0.29285002089 0.290880213295 0.275059214396 0.29588492726 0.284478250495 0.294895798234 0.397428418402 0.343987011771 0.27706228859 0.300669996026 0.202281122175 0.264445784013 0.136642704267 0.229506219277 0.290306197314 0.297977889398 0.286825974382 0.29504235917 0.308792262044 0.296469577017 0.366388156561 0.360040273864 0.302469612546 0.298038086965 0.184159705192 0.163411068673 0.265419232195 0.292224944955 0.148797360832 0.249031132219 0.419487448722 0.383750116007 0.291250202849 0.31656638758 0.213312427965 0.316255964902 0.34809867326 0.336807954927 0.289484153769 0.298148324982 0.44810567983 0.376810406187 0.459146204171 0.452191683425 0.415366872545 0.355859723381 0.336446190976 0.329433184772
DA-AD-1-SMASH 0.298018931774 0.339481413209 0.114473841534 0.0 0.305613228528 0.272003290138 0.235933451258 0.254141597433 0.132251907983 0.194060027885 0.659877058541 0.549112060173 0.172546073518 0.112177390309 0.222992581593 0.137897101082 0.305663799603 0.263746601813 0.287204327038 0.264411157114 0.29893761417 0.272375265424 0.445384084836 0.373068759576 0.28304884805 0.259081826132 0.191591111781 0.212368065613 0.130485188278 0.170516300494 0.297769854451 0.259727448379 0.294514816135 0.27467633129 0.334031534448 0.287346124281 0.336584956835 0.317666843772 0.318567659226 0.280879555336 0.212566113873 0.146194750191 0.253035282635 0.252935153909 0.137769765754 0.19525621795 0.468499705049 0.411808791782 0.264433671968 0.266490816073 0.204780215421 0.279296850127 0.385061886309 0.346912186945 0.293352078425 0.268125067652 0.502319367904 0.409501446522 0.512362770521 0.485826032422 0.466128513483 0.386380066403 0.355688869066 0.329336172284
DA-AD-2-RITA 0.211471893082 0.292967593098 0.291413357083 0.305613228528 0.0 0.0920979523182 0.152462418353 0.21344696193 0.222087394208 0.230143438078 0.444287028786 0.332160368172 0.370644154695 0.365321832978 0.24128690346 0.249624125925 0.0696309320314 0.133991435986 0.0971183605865 0.170384060246 0.0538489069161 0.129586377407 0.2027691179 0.121149847267 0.1064533893 0.171694381 0.188167738514 0.23889820976 0.23551926689 0.234298223133 0.0926064445704 0.176217211627 0.0865000924182 0.129694660182 0.0795572441827 0.122646536582 0.293073330801 0.286892388943 0.0916711912371 0.137480467993 0.461812803162 0.412207138837 0.112730801564 0.177344005025 0.229189341484 0.240328205577 0.245457807168 0.215582433777 0.187345896239 0.230041563861 0.2377531505 0.242688332185 0.167690659096 0.170642223598 0.0916518399248 0.162858111069 0.269927810115 0.181231256346 0.304124385363 0.311360063608 0.233563590775 0.156821165326 0.158769897866 0.177658411811
DA-AD-2-SMASH 0.17838502162 0.251067978488 0.287121029606 0.272003290138 0.0920979523182 0.0 0.0973023952765 0.135770546976 0.187408480517 0.165951939726 0.524407372604 0.408335721752 0.371482057476 0.348600784992 0.273494089958 0.250938996978 0.107638917627 0.0729264712226 0.126558593766 0.119696325081 0.0894071838488 0.0582885315216 0.282937064503 0.189315812846 0.111434293802 0.123633386839 0.159212371926 0.184610696224 0.211218012644 0.179447187214 0.12431508594 0.126410907547 0.114908323411 0.105198410282 0.150790741639 0.112785413991 0.254908410366 0.233891767399 0.137098449078 0.113289762147 0.449649840944 0.385537972625 0.0790035095113 0.109866659473 0.203263002622 0.182788766777 0.321087457166 0.267269570926 0.147121489831 0.172220754555 0.21600527931 0.1983949117 0.231077006621 0.193275527611 0.113370610402 0.113794677648 0.351604780347 0.248227745184 0.3757564057 0.361313520598 0.313535267353 0.221710610613 0.208292559581 0.188261376859
DA-AD-3-RITA 0.144982774177 0.22947285677 0.261548417913 0.235933451258 0.152462418353 0.0973023952765 0.0 0.0834545915663 0.132896442912 0.109122492035 0.582917786782 0.467811019593 0.351514313172 0.320016877288 0.281745680785 0.241877941791 0.147462339758 0.0903991879866 0.138308127811 0.0900101385362 0.142998298801 0.0983857871726 0.342430311001 0.254602960361 0.110200930932 0.125013805249 0.113719399748 0.145596767226 0.169566121308 0.135201888356 0.147172454713 0.109478326721 0.144143924013 0.131129023275 0.191629770948 0.135490099578 0.232062260682 0.202705227598 0.164703593548 0.119726165112 0.41910090135 0.347956043151 0.0708662059991 0.0867991110749 0.156370758403 0.129466694285 0.364609088038 0.30486428772 0.0966662334734 0.129851048617 0.165588165309 0.155284546278 0.266636526929 0.217396725418 0.125596566985 0.106786861399 0.406541538402 0.304331732048 0.429305334617 0.407136982576 0.365363134499 0.274517047944 0.239278476133 0.206263927357
DA-AD-3-SMASH 0.157528023713 0.219802694176 0.305430663383 0.254141597433 0.21344696193 0.135770546976 0.0834545915663 0.0 0.163521336005 0.0898792317189 0.647783675603 0.530453225765 0.392725363131 0.348038310389 0.343451578146 0.289580454916 0.209389868838 0.1198451028 0.205355257045 0.108350196919 0.203882016549 0.123447448312 0.406620906854 0.314009631578 0.172545932866 0.140314622039 0.155670792056 0.14036601232 0.205345182971 0.135746737203 0.208103812029 0.125201714692 0.20248704292 0.167105389411 0.256012478944 0.177709443451 0.230029769134 0.182477668804 0.228773259969 0.158528561545 0.446525181869 0.363919085886 0.124021819324 0.0830444086929 0.19487580498 0.122791488728 0.430476228911 0.360841043864 0.114465670373 0.111437962571 0.202710925397 0.154802722516 0.329361387599 0.263582655619 0.183395748504 0.122072697856 0.471950593076 0.363268371817 0.49014246373 0.457124361835 0.431532431332 0.333555482759 0.297863530532 0.250116476133
DA-AD-4-RITA 0.204737032767 0.27293570808 0.160478132422 0.132251907983 0.222087394208 0.187408480517 0.132896442912 0.163521336005 0.0 0.104163029224 0.620098180667 0.507919690851 0.247992585227 0.208447021072 0.228530303347 0.165646373583 0.22757500328 0.189791851293 0.20099340709 0.172943984202 0.209689717136 0.181839538118 0.389720981633 0.313744952027 0.177546357015 0.186830761426 0.0990978092062 0.150130833524 0.0694583979193 0.100588648728 0.209112898782 0.176872157414 0.203701880311 0.195029731056 0.252223460074 0.209083386327 0.271179798707 0.247424498111 0.238524229752 0.2050977165 0.305078820806 0.234618181432 0.14553071041 0.158254658374 0.0866911919736 0.12731409853 0.408832357428 0.352556581642 0.152764855841 0.180901316222 0.136476097472 0.195446503258 0.314888778588 0.274202206255 0.193420145979 0.179771139536 0.450811635111 0.357141418604 0.461977892385 0.435355820189 0.409795501357 0.324731830461 0.283442341681 0.254135414128
DA-AD-4-SMASH 0.176331405889 0.23839520287 0.254288872882 0.194060027885 0.230143438078 0.165951939726 0.109122492035 0.0898792317189 0.104163029224 0.0 0.652613038772 0.534683104652 0.337985324941 0.287784267852 0.306183031036 0.240508634638 0.235577841714 0.160721867436 0.212919681011 0.130489894055 0.218524061975 0.151220154024 0.414691180657 0.327098632768 0.17971776155 0.141923028041 0.131516893243 0.120970510059 0.151604439882 0.0764555466204 0.213052835858 0.13169121833 0.206688764353 0.168386797202 0.267162852509 0.193096138804 0.247535989823 0.205777815342 0.246860259726 0.184532093398 0.387285423223 0.303613649724 0.133851855324 0.101899677054 0.152748899697 0.0989836738639 0.435234670283 0.365125491242 0.122416917351 0.117839373257 0.172082673771 0.157653242728 0.336205872082 0.274796925179 0.19614122318 0.140542139945 0.479270040571 0.372634714846 0.491667384407 0.452485394897 0.437126697628 0.338715522942 0.29552011669 0.248038172609
ES-AD-1-RITA 0.598461953361 0.649952770454 0.59607996997 0.659877058541 0.444287028786 0.524407372604 0.582917786782 0.647783675603 0.620098180667 0.652613038772 0.0 0.126923879411 0.621031562515 0.662820865777 0.460672408456 0.540191808263 0.455013238503 0.55210383278 0.462485204634 0.57563126258 0.460316944669 0.55486827234 0.245152637091 0.33993948452 0.508265094661 0.570550099133 0.580629485203 0.635743819473 0.609592568407 0.64066754757 0.468011565615 0.582206360681 0.472926711574 0.523002875332 0.404476431929 0.502231822192 0.659653082939 0.675060718863 0.43291035537 0.519003191143 0.725591954346 0.727140391262 0.543590730878 0.603519636063 0.599282203029 0.645366244392 0.252050313966 0.35139092235 0.60112101084 0.635377017463 0.596852781289 0.623681168202 0.350812601575 0.444804449593 0.492763111843 0.568102699781 0.180175818122 0.299357466762 0.248546719812 0.370778753277 0.226376441376 0.33053472894 0.405699455607 0.476490005626
ES-AD-1-SMASH 0.484235451058 0.533414213442 0.495793153888 0.549112060173 0.332160368172 0.408335721752 0.467811019593 0.530453225765 0.507919690851 0.534683104652 0.126923879411 0.0 0.529171059522 0.561642211219 0.363307148563 0.433054878938 0.345143416947 0.43542882582 0.349284844168 0.4572934376 0.348936656437 0.438700332042 0.140827752818 0.224516048934 0.39728562465 0.450500950712 0.466979782015 0.515835501004 0.500978994175 0.522915892348 0.357342417467 0.464624266236 0.362103659307 0.404733312449 0.291924424168 0.385403954897 0.551565285456 0.561473108153 0.319693205379 0.400492538317 0.633489222653 0.623839129987 0.428894059025 0.485641441737 0.487232694254 0.526494150034 0.158672467176 0.242839185431 0.488141114107 0.516315858744 0.486260898786 0.508006131347 0.242286912329 0.329603382607 0.380318947922 0.448471266077 0.0837077356236 0.17844234792 0.193825042651 0.293559874655 0.123084436234 0.211323068453 0.298043161793 0.363313978341
ES-AD-2-RITA 0.399439038797 0.442975987037 0.100241222192 0.172546073518 0.370644154695 0.371482057476 0.351514313172 0.392725363131 0.247992585227 0.337985324941 0.621031562515 0.529171059522 0.0 0.079914639709 0.171660770161 0.14427966885 0.373762547039 0.376888817532 0.350411734629 0.378573792775 0.363978115802 0.377224153878 0.447556530855 0.406019343742 0.365627101737 0.38258789599 0.286025283317 0.339062754296 0.219613700049 0.310122200097 0.370313565537 0.383175912565 0.366863303503 0.377356441604 0.381996227984 0.375583951398 0.438508205998 0.435324556548 0.377736043668 0.37797786466 0.116922194837 0.15175369255 0.3530302376 0.377861464042 0.224724703608 0.325716543511 0.464367816575 0.434577690723 0.374765393008 0.395584339794 0.278748409527 0.386416564929 0.404679999627 0.399230705088 0.371312205509 0.380270262145 0.490270773032 0.43061639 0.497175068839 0.499629276731 0.460910374287 0.413853488939 0.399565320887 0.396177492569
ES-AD-2-SMASH 0.368229792703 0.405854903264 0.0994504755664 0.112177390309 0.365321832978 0.348600784992 0.320016877288 0.348038310389 0.208447021072 0.287784267852 0.662820865777 0.561642211219 0.079914639709 0.0 0.206464248032 0.141262902762 0.369013232735 0.34941388822 0.343500821767 0.345277101306 0.357686133488 0.349039766188 0.471642240534 0.415233980774 0.351692345209 0.348875800199 0.258485565524 0.293212391514 0.190681792122 0.262018890991 0.362245343784 0.348758846036 0.358295981788 0.353063326708 0.383798786632 0.357118470733 0.405768562137 0.394572939682 0.374890031932 0.355714487829 0.11709758054 0.0975320569311 0.328679645001 0.33961818574 0.192711937176 0.278305358296 0.489772268326 0.444277062796 0.342781267379 0.351277850948 0.25077346381 0.347395299342 0.417104786263 0.392427841011 0.358227026778 0.347744938025 0.520659265627 0.444392761773 0.529993299358 0.512477769314 0.48776391617 0.423290882101 0.403553160398 0.383740094242
ES-AD-3-RITA 0.330249743179 0.389799655637 0.14565814379 0.222992581593 0.24128690346 0.273494089958 0.281745680785 0.343451578146 0.228530303347 0.306183031036 0.460672408456 0.363307148563 0.171660770161 0.206464248032 0.0 0.096347248303 0.248650333502 0.289461839166 0.226208285708 0.299116967364 0.240636113195 0.29061317194 0.280124263941 0.247968571478 0.260925393773 0.302581663249 0.233110758647 0.302852365256 0.206379236113 0.281927900952 0.248005899545 0.306040470359 0.246474890228 0.275697145038 0.238271605815 0.267752100974 0.390260431582 0.391753133337 0.242596449232 0.275542944433 0.278195926044 0.275222027153 0.264424768219 0.312183137245 0.200168318485 0.294789783855 0.298584605355 0.281318849123 0.309352424546 0.341430914284 0.238063253535 0.329766619991 0.250512155817 0.271951132172 0.260453243326 0.300099487341 0.32268111351 0.26808309711 0.344123378124 0.365530666333 0.291851765182 0.253199898325 0.25895803772 0.277107983855
ES-AD-3-SMASH 0.294201940719 0.344770253923 0.0989251263806 0.137897101082 0.249624125925 0.250938996978 0.241877941791 0.289580454916 0.165646373583 0.240508634638 0.540191808263 0.433054878938 0.14427966885 0.141262902762 0.096347248303 0.0 0.255018613204 0.257084144447 0.225562722361 0.256981250874 0.244129898247 0.25901370175 0.341203282769 0.283863896248 0.249492361583 0.260300561359 0.188980347275 0.241595104208 0.150556771158 0.214652831449 0.24795279416 0.262455647024 0.245398590949 0.248014738774 0.259941581876 0.250836877495 0.352453503169 0.343882836483 0.25225884782 0.2496993972 0.23407516309 0.204863509946 0.237105587234 0.265717001838 0.136016470842 0.227266511844 0.356734997604 0.310962833178 0.270233056726 0.287030314604 0.187717152476 0.279520296301 0.287479440905 0.274412201423 0.253934633666 0.262461099754 0.39181079207 0.311595661458 0.411861784944 0.404761575342 0.356027072383 0.289778059756 0.278217357971 0.267681948714
ES-AD-4-RITA 0.215391352055 0.295951623674 0.29285002089 0.305663799603 0.0696309320314 0.107638917627 0.147462339758 0.209389868838 0.22757500328 0.235577841714 0.455013238503 0.345143416947 0.373762547039 0.369013232735 0.248650333502 0.255018613204 0.0 0.111965383366 0.0881358011192 0.1605148955 0.0807355515918 0.142394914916 0.213846785339 0.132152353594 0.109358120563 0.171773991086 0.189985635937 0.243196539884 0.237267105375 0.236208783204 0.0834781475263 0.165231678353 0.0953053290397 0.137729480775 0.0991546989388 0.119579777625 0.290786134803 0.284261952145 0.0695190681259 0.115743882449 0.464605455802 0.415887949278 0.131313653201 0.186808186035 0.228975218499 0.240636364922 0.248825568145 0.214906184394 0.186466733732 0.228382783134 0.232906786812 0.238540011262 0.171911338112 0.172748886055 0.113714058857 0.173392491633 0.280099095969 0.190317595556 0.309756064392 0.31853335808 0.244088060528 0.171013688597 0.158122959374 0.177606208295
ES-AD-4-SMASH 0.180851730021 0.247521426347 0.290880213295 0.263746601813 0.133991435986 0.0729264712226 0.0903991879866 0.1198451028 0.189791851293 0.160721867436 0.55210383278 0.43542882582 0.376888817532 0.34941388822 0.289461839166 0.257084144447 0.111965383366 0.0 0.13678452912 0.0982549463051 0.131161731251 0.0887769148403 0.311310627841 0.215230017779 0.128079521536 0.108816897908 0.163916424586 0.178345076687 0.216295728235 0.171721690372 0.135345506622 0.0984650462824 0.140915239759 0.112687262704 0.178902253535 0.116947420886 0.250102943612 0.224974488896 0.143982598156 0.0883693207749 0.451377502565 0.384224187707 0.110179454641 0.118724796363 0.201779945377 0.172367840896 0.341288368344 0.278030164024 0.147977862893 0.156709857365 0.208334182254 0.185066979122 0.251136426245 0.203881775776 0.142368840057 0.124081882952 0.378376971913 0.269606296622 0.405434270873 0.380278886832 0.341463134883 0.247131019567 0.221124339046 0.192291867478
FR-AD-1-RITA 0.172810437022 0.258165924052 0.275059214396 0.287204327038 0.0971183605865 0.126558593766 0.138308127811 0.205355257045 0.20099340709 0.212919681011 0.462485204634 0.349284844168 0.350411734629 0.343500821767 0.226208285708 0.225562722361 0.0881358011192 0.13678452912 0.0 0.128524972815 0.085282143111 0.140409746849 0.227795648024 0.152651937201 0.0941951968664 0.156241929677 0.150638899842 0.207099558155 0.209935393227 0.211504364092 0.0747338109945 0.156989653824 0.0844451854045 0.128913339663 0.0926627301581 0.105813903324 0.282101888945 0.268777460508 0.052209947649 0.096223628086 0.437495138859 0.38687406613 0.11478645599 0.171881333939 0.189070622375 0.205866421102 0.236049001577 0.187282607614 0.157718271393 0.200591339497 0.184360478915 0.196391126543 0.136740400784 0.119300470833 0.0891268926619 0.146906491107 0.286812168302 0.190980678113 0.314811305246 0.323064630984 0.243355810534 0.160615413477 0.123320752294 0.13354592139
FR-AD-1-SMASH 0.116012317823 0.188887809624 0.29588492726 0.264411157114 0.170384060246 0.119696325081 0.0900101385362 0.108350196919 0.172943984202 0.130489894055 0.57563126258 0.4572934376 0.378573792775 0.345277101306 0.299116967364 0.256981250874 0.1605148955 0.0982549463051 0.128524972815 0.0 0.155998203008 0.104767161381 0.339525346472 0.249614557124 0.124887136642 0.103362366926 0.129568967426 0.127851886226 0.20480723504 0.145998713918 0.146722080359 0.088556889854 0.150063761419 0.113157479985 0.191981521571 0.114018772454 0.239464661005 0.197613571267 0.153493298436 0.0753731511682 0.444489750748 0.369779946411 0.103434172664 0.0930555503278 0.174661009842 0.12443969917 0.350139867553 0.274714667178 0.111124337379 0.105256185215 0.169398899199 0.126797392414 0.244613992212 0.170738504183 0.13537966129 0.0852018725972 0.400459338742 0.288776258028 0.428077506264 0.390070602558 0.359281676426 0.255832743281 0.219770486972 0.16672794815
FR-AD-2-RITA 0.198517433011 0.279772190683 0.284478250495 0.29893761417 0.0538489069161 0.0894071838488 0.142998298801 0.203882016549 0.209689717136 0.218524061975 0.460316944669 0.348936656437 0.363978115802 0.357686133488 0.240636113195 0.244129898247 0.0807355515918 0.131161731251 0.085282143111 0.155998203008 0.0 0.109388421066 0.219167558078 0.138719405407 0.086980270474 0.16155864156 0.167983743386 0.225371905621 0.218552927916 0.221680510696 0.0864701424783 0.168506903066 0.0793043722837 0.128772738074 0.0949429128938 0.120473432263 0.285535415267 0.276547062258 0.0944930972339 0.132754366035 0.452733724061 0.402896430061 0.105623679242 0.167677876532 0.215018807367 0.227081483702 0.250040033701 0.214175084623 0.168611960699 0.216037347087 0.215562688935 0.223155805731 0.162705392052 0.160355933177 0.0949050168254 0.154926778028 0.286930504795 0.197402533377 0.307405483552 0.322885595313 0.246759325484 0.170723163019 0.144006661521 0.164928338338
FR-AD-2-SMASH 0.161435900807 0.233223638469 0.294895798234 0.272375265424 0.129586377407 0.0582885315216 0.0983857871726 0.123447448312 0.181839538118 0.151220154024 0.55486827234 0.438700332042 0.377224153878 0.349039766188 0.29061317194 0.25901370175 0.142394914916 0.0887769148403 0.140409746849 0.104767161381 0.109388421066 0.0 0.313876041048 0.221611234266 0.124035852546 0.122425172098 0.152812814915 0.168028019909 0.209125750733 0.167042148603 0.141309597699 0.119210961678 0.13379385688 0.112486765587 0.178620617782 0.122875396358 0.248603053067 0.221060193612 0.162389114976 0.12428201718 0.448928114509 0.380505939351 0.0877483177943 0.0960849617467 0.198873361239 0.169138042005 0.342845145674 0.281325642681 0.134982734692 0.151782499141 0.202273610718 0.176472068275 0.247113978586 0.195841928264 0.130477601511 0.109343443156 0.382407922574 0.277584280916 0.402820946895 0.376781242827 0.342285872356 0.247661733441 0.219231435742 0.187842020484
FR-AD-3-RITA 0.372438547732 0.438283552237 0.397428418402 0.445384084836 0.2027691179 0.282937064503 0.342430311001 0.406620906854 0.389720981633 0.414691180657 0.245152637091 0.140827752818 0.447556530855 0.471642240534 0.280124263941 0.341203282769 0.213846785339 0.311310627841 0.227795648024 0.339525346472 0.219167558078 0.313876041048 0.0 0.102763233054 0.270905219267 0.336691985002 0.351144807047 0.40763868214 0.38543993212 0.406676051114 0.228264077379 0.343861399682 0.233404043026 0.286177060308 0.17101558407 0.267678489344 0.441884545073 0.450230742221 0.198292768532 0.286063791831 0.553133271635 0.532572806948 0.304202685476 0.364404457582 0.377131277305 0.414053572312 0.108394497973 0.175402282647 0.364964453101 0.401976119985 0.376429139287 0.39710171777 0.147827442999 0.237380114045 0.259328740777 0.335719238209 0.0785113165588 0.0993232660596 0.165682265533 0.250155366312 0.0635424928578 0.116940128453 0.191735030197 0.261902855502
FR-AD-3-SMASH 0.297302869899 0.360772725575 0.343987011771 0.373068759576 0.121149847267 0.189315812846 0.254602960361 0.314009631578 0.313744952027 0.327098632768 0.33993948452 0.224516048934 0.406019343742 0.415233980774 0.247968571478 0.283863896248 0.132152353594 0.215230017779 0.152651937201 0.249614557124 0.138719405407 0.221611234266 0.102763233054 0.0 0.196674173326 0.246825626787 0.276213690009 0.322773030686 0.317724001214 0.321943935068 0.157520419756 0.254185706467 0.163939730757 0.200337389681 0.107442959522 0.186974613404 0.367565416905 0.368579184409 0.122499248963 0.196231025681 0.507093424726 0.471896133163 0.222011338212 0.276403208978 0.304069101585 0.327304824356 0.157248852402 0.150451300822 0.28607360864 0.314179142424 0.303770131372 0.313328591794 0.123117516363 0.174209601826 0.188423261572 0.249981518759 0.172210116262 0.0892559428108 0.233344017442 0.259400914909 0.141156736699 0.083068295844 0.148624935334 0.190969655436
FR-AD-4-RITA 0.169146199767 0.2581636573 0.27706228859 0.28304884805 0.1064533893 0.111434293802 0.110200930932 0.172545932866 0.177546357015 0.17971776155 0.508265094661 0.39728562465 0.365627101737 0.351692345209 0.260925393773 0.249492361583 0.109358120563 0.128079521536 0.0941951968664 0.124887136642 0.086980270474 0.124035852546 0.270905219267 0.196674173326 0.0 0.132953554949 0.134651963706 0.196443277211 0.191746459281 0.187009821396 0.0820658388675 0.134345863008 0.0815562691815 0.115389145344 0.126748221914 0.116190807836 0.267714451914 0.251049005597 0.11219395811 0.121543688732 0.44744551409 0.390302487871 0.0826309567153 0.140074399739 0.193950885983 0.195699238026 0.291392991285 0.248755852262 0.126622104244 0.179474625077 0.192730213453 0.197105675581 0.198433307381 0.179579392292 0.0878728506969 0.131510483764 0.332791727513 0.241103195276 0.3497639288 0.348739601765 0.291456583422 0.209588041589 0.166475029665 0.170855470059
FR-AD-4-SMASH 0.171740181265 0.225037460796 0.300669996026 0.259081826132 0.171694381 0.123633386839 0.125013805249 0.140314622039 0.186830761426 0.141923028041 0.570550099133 0.450500950712 0.38258789599 0.348875800199 0.302581663249 0.260300561359 0.171773991086 0.108816897908 0.156241929677 0.103362366926 0.16155864156 0.122425172098 0.336691985002 0.246825626787 0.132953554949 0.0 0.156650684802 0.147357523345 0.208459658136 0.143053253059 0.146045350262 0.0909631135239 0.149154351388 0.103756264909 0.201430769568 0.134879339898 0.260929062547 0.228088947903 0.175524566031 0.114404183257 0.451245006943 0.380321918639 0.123019496744 0.118586554064 0.204765032101 0.15967359561 0.357290422396 0.28975105321 0.135868493345 0.129629448696 0.208700635381 0.17628586902 0.26354052009 0.208716980318 0.149802935119 0.10914949499 0.398295489819 0.28412889644 0.409930433868 0.386778135765 0.357850678993 0.258472999474 0.206642232387 0.185807238384
FR-AD-5-RITA 0.131799755286 0.205843472892 0.202281122175 0.191591111781 0.188167738514 0.159212371926 0.113719399748 0.155670792056 0.0990978092062 0.131516893243 0.580629485203 0.466979782015 0.286025283317 0.258485565524 0.233110758647 0.188980347275 0.189985635937 0.163916424586 0.150638899842 0.129568967426 0.167983743386 0.152812814915 0.351144807047 0.276213690009 0.134651963706 0.156650684802 0.0 0.105669921478 0.110337481792 0.12790557887 0.172193332107 0.163229062828 0.165210834939 0.168284426022 0.203979086614 0.154075068791 0.254181905727 0.221690798468 0.186140521501 0.151884913446 0.348712942071 0.283046273714 0.111588975183 0.131065714083 0.0963838667548 0.115640690498 0.365797025363 0.310957682458 0.12346041691 0.158860488571 0.133271898248 0.173881808356 0.256294487306 0.204877206622 0.140052468866 0.120771726105 0.406834255487 0.306775873962 0.419085365287 0.41006493023 0.365286345456 0.278811866183 0.237981755243 0.219835344412
FR-AD-5-SMASH 0.121321781961 0.154117344986 0.264445784013 0.212368065613 0.23889820976 0.184610696224 0.145596767226 0.14036601232 0.150130833524 0.120970510059 0.635743819473 0.515835501004 0.339062754296 0.293212391514 0.302852365256 0.241595104208 0.243196539884 0.178345076687 0.207099558155 0.127851886226 0.225371905621 0.168028019909 0.40763868214 0.322773030686 0.196443277211 0.147357523345 0.105669921478 0.0 0.178130693516 0.118532405869 0.225777472471 0.162624785736 0.221706263404 0.183178112942 0.257415451358 0.180084573363 0.252628649998 0.199249572634 0.23685311238 0.166053371924 0.384987674697 0.302069377426 0.153059218633 0.124635234989 0.151313395773 0.0939780423832 0.423583433577 0.352034635058 0.151571697792 0.126144777341 0.179816690724 0.166741449905 0.309313596768 0.227013519289 0.186309684317 0.107100958428 0.462173471019 0.347305849501 0.480968385937 0.436048304864 0.422199876757 0.319147087397 0.287676359776 0.241872631356
FR-AD-6-RITA 0.229946156983 0.294100868242 0.136642704267 0.130485188278 0.23551926689 0.211218012644 0.169566121308 0.205345182971 0.0694583979193 0.151604439882 0.609592568407 0.500978994175 0.219613700049 0.190681792122 0.206379236113 0.150556771158 0.237267105375 0.216295728235 0.209935393227 0.20480723504 0.218552927916 0.209125750733 0.38543993212 0.317724001214 0.191746459281 0.208459658136 0.110337481792 0.178130693516 0.0 0.125260073803 0.215868432203 0.208154140368 0.206861252342 0.214588643467 0.261614719866 0.227114777972 0.294113350972 0.275807476151 0.246614975421 0.225431378621 0.276325820162 0.21665184303 0.172731188823 0.192658218116 0.090193488819 0.155902231015 0.404552099132 0.357574601933 0.177220647308 0.217127660038 0.154325215604 0.22901897163 0.314941132335 0.286373204792 0.210092764399 0.207385892738 0.44445620383 0.357492068762 0.438566691482 0.436121046483 0.40199897988 0.326855661786 0.279126188295 0.270961781281
FR-AD-6-SMASH 0.194665362283 0.245026444945 0.229506219277 0.170516300494 0.234298223133 0.179447187214 0.135201888356 0.135746737203 0.100588648728 0.0764555466204 0.64066754757 0.522915892348 0.310122200097 0.262018890991 0.281927900952 0.214652831449 0.236208783204 0.171721690372 0.211504364092 0.145998713918 0.221680510696 0.167042148603 0.406676051114 0.321943935068 0.187009821396 0.143053253059 0.12790557887 0.118532405869 0.125260073803 0.0 0.210209684342 0.140435980391 0.205516566315 0.165041226265 0.267759644499 0.203290010842 0.263230096451 0.227516465624 0.244745522514 0.187486506891 0.357140329023 0.273283321569 0.150244909994 0.132993632531 0.134946554506 0.101421469483 0.427830017914 0.359935221453 0.145422898636 0.13720250856 0.172496294423 0.179726137457 0.330789874069 0.272723722173 0.202353843858 0.156270554235 0.469935507002 0.364116941184 0.47459324869 0.422066394301 0.426755688467 0.326956246877 0.283827318277 0.243980907755
FR-AD-7-RITA 0.195602849094 0.285952347284 0.290306197314 0.297769854451 0.0926064445704 0.12431508594 0.147172454713 0.208103812029 0.209112898782 0.213052835858 0.468011565615 0.357342417467 0.370313565537 0.362245343784 0.248005899545 0.24795279416 0.0834781475263 0.135345506622 0.0747338109945 0.146722080359 0.0864701424783 0.141309597699 0.228264077379 0.157520419756 0.0820658388675 0.146045350262 0.172193332107 0.225777472471 0.215868432203 0.210209684342 0.0 0.138124716689 0.046125018375 0.105289200865 0.105612513996 0.10586337536 0.290114401696 0.279874033283 0.0838544864073 0.119411268501 0.457825292151 0.407046563878 0.115838777632 0.168888491683 0.218079660369 0.227441619657 0.252137162948 0.214411019197 0.158648279577 0.205147706037 0.216165806591 0.219992890113 0.171168887276 0.166592808417 0.0974542188813 0.158424434658 0.292691330738 0.203089058081 0.30529858924 0.308752977813 0.250610515312 0.172459557146 0.122572538442 0.154316248989
FR-AD-7-SMASH 0.173337649604 0.234759012861 0.297977889398 0.259727448379 0.176217211627 0.126410907547 0.109478326721 0.125201714692 0.176872157414 0.13169121833 0.582206360681 0.464624266236 0.383175912565 0.348758846036 0.306040470359 0.262455647024 0.165231678353 0.0984650462824 0.156989653824 0.088556889854 0.168506903066 0.119210961678 0.343861399682 0.254185706467 0.134345863008 0.0909631135239 0.163229062828 0.162624785736 0.208154140368 0.140435980391 0.138124716689 0.0 0.149888352519 0.092253931326 0.208203854763 0.130721699693 0.25585243571 0.223262381834 0.1757894155 0.111043935771 0.450604817979 0.377780139242 0.121159720186 0.104889348759 0.201104216058 0.160242685225 0.36474280564 0.294998301454 0.133973127308 0.126258901 0.199413643157 0.16690441241 0.273686500536 0.217709208283 0.159425555671 0.123742951747 0.409098969736 0.300753192208 0.429907832431 0.380451750943 0.36954282762 0.26843646331 0.226262837165 0.176492884888
FR-AD-8-RITA 0.188542851593 0.280100588165 0.286825974382 0.294514816135 0.0865000924182 0.114908323411 0.144143924013 0.20248704292 0.203701880311 0.206688764353 0.472926711574 0.362103659307 0.366863303503 0.358295981788 0.246474890228 0.245398590949 0.0953053290397 0.140915239759 0.0844451854045 0.150063761419 0.0793043722837 0.13379385688 0.233404043026 0.163939730757 0.0815562691815 0.149154351388 0.165210834939 0.221706263404 0.206861252342 0.205516566315 0.046125018375 0.149888352519 0.0 0.0986066582501 0.109624307404 0.106393047819 0.286647767112 0.2755817353 0.0970174341132 0.128364214807 0.451567509734 0.399388341561 0.10183229167 0.157824958127 0.209791551517 0.216485515663 0.2630018249 0.229440781289 0.152647837255 0.205934198252 0.218676233864 0.222593818548 0.180381773466 0.175812123657 0.0881432581699 0.150274942989 0.298309049439 0.210424310865 0.305589030095 0.323847463901 0.253978554923 0.177400936829 0.138850786057 0.1703698971
FR-AD-8-SMASH 0.177511985015 0.247524906224 0.29504235917 0.27467633129 0.129694660182 0.105198410282 0.131129023275 0.167105389411 0.195029731056 0.168386797202 0.523002875332 0.404733312449 0.377356441604 0.353063326708 0.275697145038 0.248014738774 0.137729480775 0.112687262704 0.128913339663 0.113157479985 0.128772738074 0.112486765587 0.286177060308 0.200337389681 0.115389145344 0.103756264909 0.168284426022 0.183178112942 0.214588643467 0.165041226265 0.105289200865 0.092253931326 0.0986066582501 0.0 0.160938388356 0.101376138882 0.272425065207 0.24919985817 0.139903793314 0.106147621899 0.452180240069 0.385218534705 0.106061041213 0.118117559944 0.203007865086 0.177568858093 0.317057888659 0.25817764814 0.156879506575 0.161236768585 0.216542094043 0.197110028888 0.230330411363 0.188195559162 0.127631801047 0.119963435527 0.351330072249 0.245411687655 0.37604483304 0.332906551883 0.310453882443 0.207571103477 0.189907427486 0.164803245847
IT-AD-1-RITA 0.218652174132 0.296632981182 0.308792262044 0.334031534448 0.0795572441827 0.150790741639 0.191629770948 0.256012478944 0.252223460074 0.267162852509 0.404476431929 0.291924424168 0.381996227984 0.383798786632 0.238271605815 0.259941581876 0.0991546989388 0.178902253535 0.0926627301581 0.191981521571 0.0949429128938 0.178620617782 0.17101558407 0.107442959522 0.126748221914 0.201430769568 0.203979086614 0.257415451358 0.261614719866 0.267759644499 0.105612513996 0.208203854763 0.109624307404 0.160938388356 0.0 0.125471286642 0.316630812386 0.310422065661 0.0744389064528 0.149637048914 0.476566403306 0.432644150876 0.150836129149 0.215727763559 0.24865994398 0.268109793661 0.200536203563 0.178469161198 0.21279283412 0.253985466805 0.247282303672 0.257838029003 0.113971859834 0.13428811545 0.103669612898 0.183560534535 0.22676952518 0.135717227312 0.27396728212 0.286989222162 0.188967112784 0.113868775522 0.133935172419 0.167722370431
IT-AD-1-SMASH 0.145917381248 0.227502494627 0.296469577017 0.287346124281 0.122646536582 0.112785413991 0.135490099578 0.177709443451 0.209083386327 0.193096138804 0.502231822192 0.385403954897 0.375583951398 0.357118470733 0.267752100974 0.250836877495 0.119579777625 0.116947420886 0.105813903324 0.114018772454 0.120473432263 0.122875396358 0.267678489344 0.186974613404 0.116190807836 0.134879339898 0.154075068791 0.180084573363 0.227114777972 0.203290010842 0.10586337536 0.130721699693 0.106393047819 0.101376138882 0.125471286642 0.0 0.268892890688 0.241251722833 0.112397134102 0.0890819272106 0.454985224689 0.395038254386 0.109578557385 0.128582843184 0.208337009468 0.195482300299 0.294411722727 0.238924277834 0.159320855286 0.175621603869 0.213331895353 0.198463248134 0.194753176024 0.144753152164 0.108612380883 0.10616258164 0.326322866518 0.216532988022 0.359257217282 0.347324238403 0.289116782179 0.195670140417 0.18436638567 0.172444776224
IT-AD-2-RITA 0.250830630086 0.293926314077 0.366388156561 0.336584956835 0.293073330801 0.254908410366 0.232062260682 0.230029769134 0.271179798707 0.247535989823 0.659653082939 0.551565285456 0.438508205998 0.405768562137 0.390260431582 0.352453503169 0.290786134803 0.250102943612 0.282101888945 0.239464661005 0.285535415267 0.248603053067 0.441884545073 0.367565416905 0.267714451914 0.260929062547 0.254181905727 0.252628649998 0.294113350972 0.263230096451 0.290114401696 0.25585243571 0.286647767112 0.272425065207 0.316630812386 0.268892890688 0.0 0.0830860687352 0.293533959542 0.255626434513 0.488125550629 0.419603734304 0.242892876723 0.234184830041 0.281713881601 0.249680980428 0.459178860494 0.403015411056 0.243593109325 0.249994937415 0.276113036825 0.26136012093 0.368909334449 0.318034823443 0.267726928548 0.24175013007 0.496130203069 0.403089239318 0.51589421787 0.491361357333 0.460494205799 0.379504964811 0.351942807489 0.320733517811
IT-AD-2-SMASH 0.201433144101 0.235375934495 0.360040273864 0.317666843772 0.286892388943 0.233891767399 0.202705227598 0.182477668804 0.247424498111 0.205777815342 0.675060718863 0.561473108153 0.435324556548 0.394572939682 0.391753133337 0.343882836483 0.284261952145 0.224974488896 0.268777460508 0.197613571267 0.276547062258 0.221060193612 0.450230742221 0.368579184409 0.251049005597 0.228088947903 0.221690798468 0.199249572634 0.275807476151 0.227516465624 0.279874033283 0.223262381834 0.2755817353 0.24919985817 0.310422065661 0.241251722833 0.0830860687352 0.0 0.283925228999 0.225516517238 0.479969625129 0.402038637105 0.216216916129 0.187820291567 0.257347801656 0.20192040086 0.466445188615 0.400232801373 0.20812490865 0.19930026715 0.254502251894 0.220343695594 0.363842675115 0.294710199204 0.249178846141 0.1961431396 0.505693692925 0.401348411623 0.526276602173 0.493855568238 0.468192171852 0.376027438397 0.347103164604 0.303697040693
IT-AD-3-RITA 0.198008874457 0.276270536099 0.302469612546 0.318567659226 0.0916711912371 0.137098449078 0.164703593548 0.228773259969 0.238524229752 0.246860259726 0.43291035537 0.319693205379 0.377736043668 0.374890031932 0.242596449232 0.25225884782 0.0695190681259 0.143982598156 0.052209947649 0.153493298436 0.0944930972339 0.162389114976 0.198292768532 0.122499248963 0.11219395811 0.175524566031 0.186140521501 0.23685311238 0.246614975421 0.244745522514 0.0838544864073 0.1757894155 0.0970174341132 0.139903793314 0.0744389064528 0.112397134102 0.293533959542 0.283925228999 0.0 0.100303900883 0.468056742686 0.41976548801 0.141029041216 0.19623233314 0.225221868218 0.237543929683 0.214787866177 0.174486826563 0.190494876278 0.227189235516 0.222359838746 0.226761306713 0.120689861024 0.118443617917 0.105271764557 0.16620385773 0.256136627819 0.158257601298 0.294924546004 0.304608348512 0.215194252607 0.132240981066 0.125013918018 0.146030196053
IT-AD-3-SMASH 0.146374239029 0.213059515662 0.298038086965 0.280879555336 0.137480467993 0.113289762147 0.119726165112 0.158528561545 0.2050977165 0.184532093398 0.519003191143 0.400492538317 0.37797786466 0.355714487829 0.275542944433 0.2496993972 0.115743882449 0.0883693207749 0.096223628086 0.0753731511682 0.132754366035 0.12428201718 0.286063791831 0.196231025681 0.121543688732 0.114404183257 0.151884913446 0.166053371924 0.225431378621 0.187486506891 0.119411268501 0.111043935771 0.128364214807 0.106147621899 0.149637048914 0.0890819272106 0.255626434513 0.225516517238 0.100303900883 0.0 0.45346856687 0.388590369267 0.117291003057 0.133434602628 0.192804375654 0.166277061882 0.301289113828 0.232828980581 0.150578397714 0.15599375776 0.193820170442 0.169242369255 0.198392927829 0.135711556795 0.120254804794 0.103930616084 0.344297422691 0.229858574124 0.379486368991 0.357484397934 0.305237643032 0.204150727195 0.183463862564 0.151655392682
IT-AD-4-RITA 0.455250144671 0.486186457491 0.184159705192 0.212566113873 0.461812803162 0.449649840944 0.41910090135 0.446525181869 0.305078820806 0.387285423223 0.725591954346 0.633489222653 0.116922194837 0.11709758054 0.278195926044 0.23407516309 0.464605455802 0.451377502565 0.437495138859 0.444489750748 0.452733724061 0.448928114509 0.553133271635 0.507093424726 0.44744551409 0.451245006943 0.348712942071 0.384987674697 0.276325820162 0.357140329023 0.457825292151 0.450604817979 0.451567509734 0.452180240069 0.476566403306 0.454985224689 0.488125550629 0.479969625129 0.468056742686 0.45346856687 0.0 0.106971498953 0.425698154529 0.436782911864 0.280486724264 0.367230117195 0.567989723484 0.531261790177 0.437899905899 0.451279591684 0.342010909227 0.444744724499 0.501029781086 0.482323555035 0.451569175667 0.444238870089 0.595579043534 0.530731458795 0.597973716077 0.591587043626 0.5642890243 0.511099748026 0.49280487283 0.480185682821
