AM-F10-T2-RITA 0.0 0.395460677 0.721951589 0.715211937 0.553090308 0.536042593 0.42971484 0.477261585 0.520665235 0.508022583 0.905183466 0.853938293 0.794525608 0.731237879 0.743353081 0.693819691 0.573092399 0.551591179 0.444535448 0.363659119 0.549732925 0.476563873 0.71356961 0.698971523 0.476014423 0.537096797 0.370750789 0.400895687 0.588729742 0.627580779 0.506593405 0.531371903 0.452326814 0.542262655 0.557171867 0.505194139 0.599591941 0.553480811 0.465351165 0.456514079 0.771340416 0.790992915 0.387270602 0.381264781 0.443936937 0.472692881 0.732306997 0.786346267 0.419870335 0.509892679 0.611884338 0.529491245 0.554866708 0.466199479 0.40415954 0.338240787 0.70337064 0.683462519 0.913493783 0.995590385 0.663598768 0.633665071 0.664475647 0.689743763
AM-F10-T2-SMASH 0.395460677 0.0 0.939028564 0.76296084 0.801602627 0.65323517 0.664599577 0.56361406 0.704939732 0.55079949 1.126850801 0.93370404 1.005271285 0.83744541 0.957405838 0.78813845 0.832811662 0.62590654 0.691443675 0.45008504 0.7775614 0.58957879 0.955008261 0.79737381 0.72749853 0.58643982 0.615106738 0.41000434 0.800104337 0.62719079 0.794343998 0.61340861 0.752633265 0.62769113 0.802750788 0.6665383 0.790350704 0.6473684 0.710500902 0.52190118 0.969486145 0.83989648 0.641916923 0.50121342 0.664500802 0.49039154 0.988595988 0.85079618 0.657463174 0.51973814 0.837156349 0.57518999 0.764891391 0.54812987 0.661848087 0.42784492 0.972438551 0.76678371 1.135950912 1.07855637 0.932045665 0.69114616 0.851624948 0.73934439
DA-AD-1-RITA 0.721951589 0.939028564 0.0 0.28273565 0.537232003 0.53612341 0.498069479 0.619751478 0.335513028 0.538571094 0.941219375 0.954260128 0.228726329 0.296903464 0.313243474 0.342587752 0.567613608 0.599862418 0.580731653 0.656402746 0.512547694 0.586152524 0.683717307 0.699125964 0.48978807 0.656087588 0.428156304 0.680425174 0.373794669 0.64213476 0.613588018 0.725487408 0.589536393 0.677552754 0.627919378 0.698823342 0.83482968 0.892548814 0.637811042 0.688206684 0.447402249 0.511330508 0.481930253 0.673033306 0.393034704 0.649602792 0.840956358 0.889599886 0.655681288 0.80730296 0.551760047 0.77612598 0.720188247 0.786189018 0.567094359 0.648214866 0.785916551 0.816397502 0.89941696 1.023999132 0.814929819 0.814746826 0.77214298 0.807462324
DA-AD-1-SMASH 0.715211937 0.76296084 0.28273565 0.0 0.655548231 0.52214785 0.522978485 0.46823136 0.353156998 0.35523475 1.057973895 0.91393896 0.414898749 0.25808911 0.441684744 0.30164505 0.709484526 0.52007056 0.704514159 0.55204382 0.688817728 0.56469507 0.813931023 0.65879235 0.684708918 0.52786202 0.53423295 0.42930602 0.451856803 0.42432141 0.706061736 0.56246915 0.704189939 0.59519859 0.778342844 0.6671525 0.774462568 0.75021516 0.759152558 0.62525512 0.515230195 0.40539112 0.611404675 0.52623804 0.453345284 0.45279796 0.990198574 0.86703214 0.668587188 0.58438416 0.651542531 0.62937339 0.879227533 0.78139611 0.700307643 0.54717098 0.920570491 0.74496913 1.01289981 0.98096915 0.949433059 0.78848334 0.813620896 0.76863135
DA-AD-2-RITA 0.553090308 0.801602627 0.537232003 0.655548231 0.0 0.235469063 0.36545628 0.426078447 0.510389281 0.535308213 0.631924032 0.632486353 0.63481737 0.718064671 0.483748569 0.583263181 0.206351331 0.372237875 0.32011368 0.511224305 0.187868125 0.366464973 0.3509348 0.303233593 0.346692877 0.510416425 0.533167749 0.679428325 0.623583566 0.691499743 0.335144593 0.595398355 0.296664322 0.480074477 0.288628635 0.459324715 0.643593421 0.714815035 0.323111101 0.500608707 0.871085466 0.923223823 0.294359106 0.470767025 0.595976317 0.653860895 0.535381759 0.583226855 0.504799445 0.680668321 0.713491674 0.680157783 0.448384388 0.469739839 0.303407142 0.484789603 0.454821062 0.484638051 0.600659151 0.702049429 0.493442396 0.503426751 0.468448135 0.529384873
DA-AD-2-SMASH 0.536042593 0.65323517 0.53612341 0.52214785 0.235469063 0.0 0.328772749 0.27224319 0.53243449 0.4176641 0.760275535 0.64039777 0.632082759 0.5950324 0.62554139 0.51987422 0.359993208 0.22511735 0.440946693 0.35145925 0.28167127 0.19071454 0.501340725 0.31071204 0.384960596 0.37358875 0.515548878 0.52764953 0.637577839 0.55567912 0.458097362 0.4505952 0.413976189 0.35544322 0.45722926 0.36761927 0.6004214 0.58255263 0.450588984 0.35991467 0.832146537 0.79220275 0.310891189 0.33378091 0.583362992 0.51487313 0.70467393 0.59483715 0.533459616 0.54260037 0.696241445 0.53969298 0.594339321 0.48887492 0.380579391 0.34796029 0.617044033 0.49678728 0.744727708 0.71659414 0.647885191 0.51968699 0.62574664 0.51297922
DA-AD-3-RITA 0.42971484 0.664599577 0.498069479 0.522978485 0.36545628 0.328772749 0.0 0.236773743 0.348298517 0.377185337 0.796229186 0.760242231 0.592767334 0.562794883 0.600389501 0.614803855 0.344500983 0.335100541 0.3495873 0.357417823 0.339184417 0.357636035 0.54301472 0.490773437 0.368033655 0.431896413 0.369056243 0.519416391 0.478904734 0.554439563 0.460331873 0.461730187 0.445891774 0.511966947 0.442744447 0.482789851 0.425184413 0.535557115 0.401546795 0.470832667 0.683310444 0.749978473 0.252331106 0.370701135 0.370024257 0.461274343 0.681967179 0.725198491 0.362049241 0.536052827 0.485377404 0.489779385 0.559686724 0.609598673 0.396924568 0.395664507 0.619881128 0.618052141 0.816455325 0.922552337 0.610307138 0.640878135 0.636628505 0.657528867
DA-AD-3-SMASH 0.477261585 0.56361406 0.619751478 0.46823136 0.426078447 0.27224319 0.236773743 0.0 0.441345762 0.26451759 0.847045563 0.72680186 0.695360215 0.56925223 0.703385242 0.62372583 0.423776082 0.29968678 0.494239885 0.3133468 0.439604872 0.31018879 0.593786323 0.45159657 0.466576882 0.39330416 0.494843298 0.43635698 0.603563941 0.46601873 0.559127858 0.43679553 0.522550819 0.47643657 0.521767722 0.4597547 0.436204022 0.37059574 0.48783352 0.41665218 0.754009511 0.63167048 0.355643751 0.28225822 0.518790272 0.34986684 0.780777426 0.6820253 0.416632566 0.39385154 0.619223271 0.41114535 0.653595603 0.57236705 0.456140025 0.36437998 0.670930093 0.58184825 0.878112846 0.88063965 0.702691749 0.59421034 0.717484368 0.62339199
DA-AD-4-RITA 0.520665235 0.704939732 0.335513028 0.353156998 0.510389281 0.53243449 0.348298517 0.441345762 0.0 0.278154166 0.874881823 0.875975298 0.437905251 0.41493053 0.439749752 0.465587658 0.509663974 0.542810912 0.507131619 0.526942482 0.460608132 0.482138372 0.663312011 0.669967632 0.43739206 0.56124677 0.297866498 0.43716063 0.235744507 0.397435764 0.529458848 0.583510298 0.506873017 0.612721464 0.549839464 0.667800394 0.646718436 0.703034122 0.575824046 0.640618558 0.527091431 0.540449838 0.363965247 0.478344488 0.293371214 0.446768602 0.756704956 0.82546378 0.399268774 0.574786436 0.408098103 0.553351778 0.627166609 0.685854212 0.475135099 0.515308388 0.723269661 0.780538976 0.852809402 0.964041804 0.723118087 0.724162174 0.636515084 0.716296806
DA-AD-4-SMASH 0.508022583 0.55079949 0.538571094 0.35523475 0.535308213 0.4176641 0.377185337 0.26451759 0.278154166 0.0 0.872968675 0.73823819 0.601868445 0.42391596 0.600362678 0.4780987 0.560063444 0.40341563 0.525640239 0.38190239 0.514764558 0.3664257 0.660913633 0.5351741 0.484550424 0.42452967 0.403454272 0.28485841 0.452334841 0.28618128 0.540730368 0.45508798 0.522618537 0.4611453 0.595235468 0.52318657 0.623458076 0.53123003 0.595438658 0.49309553 0.677344829 0.52536617 0.430131917 0.36418101 0.466150084 0.27836651 0.80537578 0.68474621 0.448157132 0.37818671 0.578505259 0.42888696 0.682254159 0.56672434 0.525733653 0.38031871 0.752565677 0.64463424 0.839246948 0.82854538 0.748822359 0.58451913 0.643815732 0.56828752
ES-AD-1-RITA 0.905183466 1.126850801 0.941219375 1.057973895 0.631924032 0.760275535 0.796229186 0.847045563 0.874881823 0.872968675 0.0 0.278105615 0.959465012 1.053834869 0.704461707 0.890509597 0.668961029 0.842795439 0.710401906 0.883933599 0.637482479 0.808008575 0.373123728 0.557432371 0.732150861 0.889685935 0.878878235 1.006535401 0.972277216 1.014024129 0.760980059 0.997636649 0.71732503 0.885922705 0.632737549 0.860019089 1.077216219 1.118502993 0.676924935 0.876962771 1.16166434 1.230078395 0.73926527 0.895450015 0.955352589 1.019880937 0.457265049 0.667306847 0.857743059 1.000092791 1.025257916 0.994823173 0.562161402 0.760249555 0.696457374 0.843240827 0.297168282 0.546794247 0.460177813 0.713575007 0.380425234 0.589464299 0.720271011 0.855800455
ES-AD-1-SMASH 0.853938293 0.93370404 0.954260128 0.91393896 0.632486353 0.64039777 0.760242231 0.72680186 0.875975298 0.73823819 0.278105615 0.0 0.965791817 0.92782765 0.689576316 0.68933901 0.677341758 0.66440764 0.675110303 0.70838538 0.64010351 0.67776429 0.390823103 0.40029359 0.730429986 0.73446136 0.84287634 0.81281858 0.963187139 0.85242161 0.723958418 0.82985325 0.687983695 0.70503703 0.586434984 0.6721169 1.027675412 0.98644176 0.632905808 0.67496468 1.118494499 1.06901746 0.706547017 0.7182814 0.917658918 0.82595328 0.460712694 0.48732864 0.828499642 0.81747762 1.002187709 0.83367009 0.551437651 0.60185727 0.665978791 0.65275288 0.283364647 0.34635485 0.45510761 0.55181673 0.337691789 0.38396802 0.6792505 0.68586155
ES-AD-2-RITA 0.794525608 1.005271285 0.228726329 0.414898749 0.63481737 0.632082759 0.592767334 0.695360215 0.437905251 0.601868445 0.959465012 0.965791817 0.0 0.207097127 0.341127771 0.360801277 0.629049275 0.698927619 0.633299678 0.754138597 0.570970701 0.665495273 0.75259962 0.750173973 0.579298677 0.743195575 0.548836367 0.745026035 0.497345886 0.694005073 0.677539037 0.837491101 0.638687934 0.742317005 0.697786423 0.754170869 0.936398327 0.987678539 0.691299587 0.745331327 0.31027344 0.413155653 0.589930888 0.766609809 0.471777519 0.699715003 0.856042667 0.908276017 0.698364947 0.859092589 0.636532668 0.816134549 0.754874502 0.809424893 0.616751432 0.728010647 0.82451379 0.860660487 0.950106325 1.069724583 0.83134491 0.831920273 0.792597081 0.825184371
ES-AD-2-SMASH 0.731237879 0.83744541 0.296903464 0.25808911 0.718064671 0.5950324 0.562794883 0.56925223 0.41493053 0.42391596 1.053834869 0.92782765 0.207097127 0.0 0.449785644 0.33365382 0.751903814 0.59401361 0.725668441 0.59054505 0.696898854 0.57274022 0.863448551 0.71899374 0.681739648 0.62661657 0.531844148 0.56917203 0.479512705 0.54604996 0.761704926 0.68222068 0.736458775 0.6947523 0.788073886 0.73446799 0.893018972 0.86982939 0.794885136 0.70018939 0.338116961 0.28931049 0.627453699 0.61443471 0.445454508 0.53507651 0.984170138 0.86866255 0.680065084 0.68844269 0.605867399 0.64256982 0.870425043 0.77051428 0.718788909 0.58406155 0.943223785 0.834041 1.034413674 1.0313583 0.941754333 0.78265805 0.868567914 0.77687162
ES-AD-3-RITA 0.743353081 0.957405838 0.313243474 0.441684744 0.483748569 0.62554139 0.600389501 0.703385242 0.439749752 0.600362678 0.704461707 0.689576316 0.341127771 0.449785644 0.0 0.220461928 0.4993056 0.67134838 0.495567769 0.707253206 0.472550078 0.650902544 0.519539817 0.508143886 0.567272702 0.720026468 0.51780991 0.70680029 0.484281603 0.681308044 0.548820366 0.786134784 0.525413637 0.693993238 0.448789106 0.66979356 0.901070174 0.945650698 0.487630022 0.68941684 0.558620265 0.638908042 0.564640317 0.743152066 0.462439684 0.689385818 0.62848979 0.664837172 0.68423686 0.834230852 0.618320355 0.799311478 0.509999399 0.587776102 0.550808789 0.69601571 0.582868539 0.579989038 0.713020362 0.820459602 0.534566329 0.53953532 0.576019028 0.694018562
ES-AD-3-SMASH 0.693819691 0.78813845 0.342587752 0.30164505 0.583263181 0.51987422 0.614803855 0.62372583 0.465587658 0.4780987 0.890509597 0.68933901 0.360801277 0.33365382 0.220461928 0.0 0.614938766 0.53668287 0.546197595 0.54659143 0.565767498 0.56249638 0.719368571 0.54865852 0.585833744 0.59613839 0.527254388 0.54789473 0.493851479 0.54127878 0.586531782 0.6265902 0.556372673 0.53486296 0.633457278 0.54405881 0.90279553 0.85356537 0.592238808 0.50819111 0.554561367 0.50811479 0.582126841 0.61099691 0.45047266 0.51699011 0.7950189 0.67556125 0.67956638 0.66657383 0.615764765 0.66835426 0.687298611 0.57361636 0.562288503 0.55424261 0.785519793 0.61513182 0.88781308 0.8486761 0.724002523 0.55171525 0.694226582 0.59592454
ES-AD-4-RITA 0.573092399 0.832811662 0.567613608 0.709484526 0.206351331 0.359993208 0.344500983 0.423776082 0.509663974 0.560063444 0.668961029 0.677341758 0.629049275 0.751903814 0.4993056 0.614938766 0.0 0.29000032 0.272243875 0.498060932 0.20321616 0.407042876 0.345015753 0.340629586 0.290965954 0.503357164 0.510009478 0.726862834 0.607127609 0.698781256 0.279689756 0.545418826 0.279454719 0.497076902 0.307282212 0.454147782 0.634680516 0.727332498 0.23301281 0.41742565 0.864989327 0.958203812 0.339193421 0.525671794 0.601642808 0.70840084 0.524623552 0.618623622 0.505021024 0.701426504 0.710250237 0.710354352 0.441393901 0.51273093 0.324548315 0.52131423 0.452453853 0.525811834 0.632223412 0.77593494 0.467463247 0.530014436 0.454014002 0.560933218
ES-AD-4-SMASH 0.551591179 0.62590654 0.599862418 0.52007056 0.372237875 0.22511735 0.335100541 0.29968678 0.542810912 0.40341563 0.842795439 0.66440764 0.698927619 0.59401361 0.67134838 0.53668287 0.29000032 0.0 0.472367511 0.31438198 0.369542614 0.22284591 0.559137813 0.33646433 0.402320334 0.32033454 0.533164284 0.51790036 0.651505463 0.54103291 0.451654222 0.35136607 0.463973477 0.36265361 0.502952088 0.36591878 0.606073554 0.59165588 0.438693862 0.27389234 0.848872021 0.80992502 0.376683933 0.37038096 0.587707326 0.50387836 0.755608632 0.61552986 0.545989184 0.50362272 0.707677727 0.55335721 0.656579195 0.54115985 0.459296253 0.31806102 0.676373507 0.49378931 0.830648762 0.78063567 0.687989061 0.5194644 0.614481698 0.52339825
FR-AD-1-RITA 0.444535448 0.691443675 0.580731653 0.704514159 0.32011368 0.440946693 0.3495873 0.494239885 0.507131619 0.525640239 0.710401906 0.675110303 0.633299678 0.725668441 0.495567769 0.546197595 0.272243875 0.472367511 0.0 0.354715471 0.271738441 0.441794337 0.457649818 0.464663359 0.304016177 0.476061095 0.407047393 0.606026973 0.561959252 0.640067975 0.278037785 0.566794159 0.300926476 0.529142493 0.338197319 0.446727441 0.616796331 0.685864703 0.182594739 0.358997861 0.7944202 0.864922073 0.326678398 0.525200817 0.433244073 0.543595565 0.469801359 0.554099155 0.425963773 0.570040933 0.560673632 0.550678799 0.347946392 0.405926469 0.299140436 0.474961855 0.482640606 0.514142523 0.685740515 0.836750469 0.436381636 0.477184685 0.403355299 0.477182693
FR-AD-1-SMASH 0.363659119 0.45008504 0.656402746 0.55204382 0.511224305 0.35145925 0.357417823 0.3133468 0.526942482 0.38190239 0.883933599 0.70838538 0.754138597 0.59054505 0.707253206 0.54659143 0.498060932 0.31438198 0.354715471 0.0 0.507057792 0.30654825 0.641270367 0.47306157 0.412590594 0.31918032 0.41337999 0.39637284 0.606101341 0.49434009 0.457339024 0.30034627 0.486112967 0.38768383 0.522010864 0.37111974 0.559669514 0.4811285 0.389487592 0.21458976 0.785849461 0.69427916 0.392861793 0.30513438 0.441060836 0.34636654 0.703496528 0.5660123 0.456447812 0.3321208 0.565190097 0.37900013 0.541202427 0.38934917 0.421644039 0.25683914 0.689810277 0.52072447 0.903378 0.85080851 0.690138995 0.45205348 0.572718708 0.46168115
FR-AD-2-RITA 0.549732925 0.7775614 0.512547694 0.688817728 0.187868125 0.28167127 0.339184417 0.439604872 0.460608132 0.514764558 0.637482479 0.64010351 0.570970701 0.696898854 0.472550078 0.565767498 0.20321616 0.369542614 0.271738441 0.507057792 0.0 0.296348826 0.366940747 0.35389257 0.251098434 0.459991588 0.405615186 0.649678678 0.535677007 0.641370288 0.313472528 0.604048068 0.272795499 0.48980497 0.30475371 0.459473862 0.632813342 0.714068482 0.32335386 0.504335586 0.800059069 0.895291688 0.301735781 0.47844804 0.529122442 0.635368446 0.496249508 0.588254062 0.43915324 0.652300466 0.622927731 0.64285747 0.376197143 0.480390544 0.309398669 0.485845008 0.473015191 0.520373196 0.604772368 0.7650864 0.450564049 0.510334406 0.439109566 0.510437682
FR-AD-2-SMASH 0.476563873 0.58957879 0.586152524 0.56469507 0.366464973 0.19071454 0.357636035 0.31018879 0.482138372 0.3664257 0.808008575 0.67776429 0.665495273 0.57274022 0.650902544 0.56249638 0.407042876 0.22284591 0.441794337 0.30654825 0.296348826 0.0 0.533107583 0.3869944 0.37686877 0.32474383 0.453891496 0.47578577 0.599813751 0.52905924 0.460803428 0.42307186 0.429853141 0.38119582 0.467071144 0.38820609 0.613026178 0.58067071 0.464456794 0.39333459 0.788759783 0.74542531 0.308356537 0.32565003 0.52147814 0.48868881 0.721045294 0.60266431 0.474805676 0.45828105 0.646059957 0.49676606 0.595828133 0.47853006 0.406062787 0.30886013 0.630349255 0.52447564 0.804566322 0.7919815 0.643685653 0.50882169 0.606869066 0.53296968
FR-AD-3-RITA 0.71356961 0.955008261 0.683717307 0.813931023 0.3509348 0.501340725 0.54301472 0.593786323 0.663312011 0.660913633 0.373123728 0.390823103 0.75259962 0.863448551 0.519539817 0.719368571 0.345015753 0.559137813 0.457649818 0.641270367 0.366940747 0.533107583 0.0 0.260133473 0.457821727 0.627605939 0.671078951 0.833241829 0.75671426 0.817531931 0.446331389 0.695927997 0.4144263 0.581790223 0.386952779 0.591256067 0.821412231 0.880492799 0.416917629 0.627361033 0.995938342 1.069142439 0.501857286 0.636966313 0.749402637 0.823590379 0.289957205 0.480917031 0.680341841 0.817583235 0.86336759 0.823987833 0.378816874 0.579191295 0.49374943 0.633621751 0.194592234 0.341758067 0.344825871 0.526335299 0.229300922 0.407647519 0.509994263 0.678546863
FR-AD-3-SMASH 0.698971523 0.79737381 0.699125964 0.65879235 0.303233593 0.31071204 0.490773437 0.45159657 0.669967632 0.5351741 0.557432371 0.40029359 0.750173973 0.71899374 0.508143886 0.54865852 0.340629586 0.33646433 0.464663359 0.47306157 0.35389257 0.3869944 0.260133473 0.0 0.486946488 0.49564377 0.67810189 0.67139045 0.786029391 0.69274104 0.43362143 0.54091094 0.440197845 0.45567806 0.369817044 0.43771001 0.757066684 0.74269917 0.39098412 0.44818291 0.995733113 0.93579655 0.529217863 0.51908055 0.73745438 0.65069825 0.483668488 0.35024987 0.690109752 0.67679163 0.849078951 0.68266376 0.383235607 0.42857982 0.512951291 0.51316813 0.401167663 0.25521284 0.542880168 0.51133044 0.421327467 0.24972007 0.477913706 0.51251892
FR-AD-4-RITA 0.476014423 0.72749853 0.48978807 0.684708918 0.346692877 0.384960596 0.368033655 0.466576882 0.43739206 0.484550424 0.732150861 0.730429986 0.579298677 0.681739648 0.567272702 0.585833744 0.290965954 0.402320334 0.304016177 0.412590594 0.251098434 0.37686877 0.457821727 0.486946488 0.0 0.365094124 0.364767794 0.632538782 0.472387045 0.59497063 0.269211038 0.489688386 0.259403501 0.416287136 0.36261736 0.438616366 0.669289444 0.717858964 0.33656353 0.40597779 0.798194007 0.872416964 0.317498735 0.482530504 0.514080092 0.616619774 0.556904686 0.643394884 0.416791712 0.598008202 0.609845059 0.627656718 0.473039329 0.548745712 0.300630491 0.43875683 0.513997019 0.588886154 0.67860947 0.811665558 0.515276229 0.549788118 0.46724226 0.549376056
FR-AD-4-SMASH 0.537096797 0.58643982 0.656087588 0.52786202 0.510416425 0.37358875 0.431896413 0.39330416 0.56124677 0.42452967 0.889685935 0.73446136 0.743195575 0.62661657 0.720026468 0.59613839 0.503357164 0.32033454 0.476061095 0.31918032 0.459991588 0.32474383 0.627605939 0.49564377 0.365094124 0.0 0.489722766 0.45165596 0.617433977 0.46060771 0.457357164 0.31915919 0.471691815 0.34865073 0.558636538 0.44961978 0.684205612 0.63404312 0.5099846 0.37446654 0.824484297 0.80618394 0.436998201 0.41980568 0.58688099 0.50027094 0.767222522 0.65838202 0.49075046 0.44970566 0.702745549 0.55160675 0.655855409 0.57731551 0.489333215 0.34578112 0.712514987 0.54126403 0.848451246 0.82537545 0.696646525 0.55590974 0.556633712 0.52791013
FR-AD-5-RITA 0.370750789 0.615106738 0.428156304 0.53423295 0.533167749 0.515548878 0.369056243 0.494843298 0.297866498 0.403454272 0.878878235 0.84287634 0.548836367 0.531844148 0.51780991 0.527254388 0.510009478 0.533164284 0.407047393 0.41337999 0.405615186 0.453891496 0.671078951 0.67810189 0.364767794 0.489722766 0.0 0.357705256 0.321663093 0.45212881 0.504310766 0.607273414 0.466587251 0.621179682 0.524976948 0.542171088 0.605769526 0.62589899 0.473320614 0.513829916 0.606245205 0.667422084 0.347148779 0.459125142 0.289040872 0.385511854 0.715762568 0.807116922 0.388550652 0.557093418 0.399062759 0.54474824 0.475042133 0.559551912 0.384190837 0.382144234 0.674598975 0.66895603 0.8291474 0.994972094 0.631548397 0.649852218 0.638583122 0.724180938
FR-AD-5-SMASH 0.400895687 0.41000434 0.680425174 0.42930602 0.679428325 0.52764953 0.519416391 0.43635698 0.43716063 0.28485841 1.006535401 0.81281858 0.745026035 0.56917203 0.70680029 0.54789473 0.726862834 0.51790036 0.606026973 0.39637284 0.649678678 0.47578577 0.833241829 0.67139045 0.632538782 0.45165596 0.357705256 0.0 0.570263527 0.31459365 0.662916598 0.50232397 0.665654701 0.50340003 0.69575627 0.5626421 0.651361976 0.5442158 0.654642808 0.47799574 0.761189603 0.58081244 0.522376955 0.41417898 0.499435984 0.28220156 0.935029984 0.7862123 0.555721588 0.3739038 0.646187049 0.48173785 0.677367369 0.46256825 0.571959425 0.3413257 0.865072737 0.63390841 1.001826776 0.90069517 0.834286059 0.58853254 0.721604164 0.62675913
FR-AD-6-RITA 0.588729742 0.800104337 0.373794669 0.451856803 0.623583566 0.637577839 0.478904734 0.603563941 0.235744507 0.452334841 0.972277216 0.963187139 0.497345886 0.479512705 0.484281603 0.493851479 0.607127609 0.651505463 0.561959252 0.606101341 0.535677007 0.599813751 0.75671426 0.786029391 0.472387045 0.617433977 0.321663093 0.570263527 0.0 0.425171179 0.565924727 0.694269961 0.483482846 0.684551307 0.683957593 0.781701283 0.787758027 0.833684535 0.623262113 0.706433187 0.500333564 0.572726241 0.448811226 0.572819613 0.319287897 0.567797149 0.844282129 0.935982929 0.461579721 0.710530223 0.501780634 0.688228519 0.716349344 0.801197045 0.542218332 0.576615747 0.820836156 0.885817461 0.841913375 1.055478203 0.759595734 0.809499231 0.669617579 0.845234633
FR-AD-6-SMASH 0.627580779 0.62719079 0.64213476 0.42432141 0.691499743 0.55567912 0.554439563 0.46601873 0.397435764 0.28618128 1.014024129 0.85242161 0.694005073 0.54604996 0.681308044 0.54127878 0.698781256 0.54103291 0.640067975 0.49434009 0.641370288 0.52905924 0.817531931 0.69274104 0.59497063 0.46060771 0.45212881 0.31459365 0.425171179 0.0 0.637456614 0.49870178 0.596442309 0.4687335 0.775026262 0.69384749 0.77813213 0.71994263 0.71060862 0.57671513 0.678823259 0.52658135 0.552487013 0.47168323 0.530505998 0.34823225 0.93479552 0.83762937 0.584742632 0.44548687 0.666687973 0.57647024 0.807837747 0.71420166 0.638030529 0.48779463 0.901655917 0.75774068 0.968964854 0.86304526 0.847423321 0.63890119 0.73788895 0.63200558
FR-AD-7-RITA 0.506593405 0.794343998 0.613588018 0.706061736 0.335144593 0.458097362 0.460331873 0.559127858 0.529458848 0.540730368 0.760980059 0.723958418 0.677539037 0.761704926 0.548820366 0.586531782 0.279689756 0.451654222 0.278037785 0.457339024 0.313472528 0.460803428 0.446331389 0.43362143 0.269211038 0.457357164 0.504310766 0.662916598 0.565924727 0.637456614 0.0 0.405940382 0.159346111 0.387630176 0.386975538 0.410856998 0.746052594 0.774275958 0.299407616 0.438404694 0.900728909 0.954868238 0.416556757 0.52040231 0.619961816 0.68529193 0.560789334 0.622032174 0.471762858 0.640805064 0.749083065 0.714877482 0.508686835 0.512453062 0.364142733 0.509016876 0.522484829 0.552907506 0.649568092 0.763330534 0.512758559 0.497525656 0.375504914 0.520411416
FR-AD-7-SMASH 0.531371903 0.61340861 0.725487408 0.56246915 0.595398355 0.4505952 0.461730187 0.43679553 0.583510298 0.45508798 0.997636649 0.82985325 0.837491101 0.68222068 0.786134784 0.6265902 0.545418826 0.35136607 0.566794159 0.30034627 0.604048068 0.42307186 0.695927997 0.54091094 0.489688386 0.31915919 0.607273414 0.50232397 0.694269961 0.49870178 0.405940382 0.0 0.512581045 0.26887396 0.654007468 0.46407619 0.735273248 0.66519257 0.54618235 0.36605303 0.922194223 0.87227503 0.532412767 0.41537763 0.645259506 0.55879839 0.863775342 0.72613069 0.588430652 0.45663809 0.772599967 0.61430662 0.773739371 0.62411072 0.604207473 0.40076443 0.815079183 0.63854118 0.964548482 0.8400724 0.832935013 0.59100735 0.647382458 0.50826048
FR-AD-8-RITA 0.452326814 0.752633265 0.589536393 0.704189939 0.296664322 0.413976189 0.445891774 0.522550819 0.506873017 0.522618537 0.71732503 0.687983695 0.638687934 0.736458775 0.525413637 0.556372673 0.279454719 0.463973477 0.300926476 0.486112967 0.272795499 0.429853141 0.4144263 0.440197845 0.259403501 0.471691815 0.466587251 0.665654701 0.483482846 0.596442309 0.159346111 0.512581045 0.0 0.330402253 0.373661103 0.420664513 0.727626219 0.765634205 0.323953899 0.454867389 0.827799872 0.882179437 0.332952424 0.448397917 0.568904799 0.647211217 0.577149161 0.648582589 0.442238953 0.660946323 0.730322066 0.684170511 0.49158635 0.525430965 0.301525362 0.463912259 0.499012104 0.575528327 0.599013489 0.777628511 0.469073952 0.501229063 0.425878403 0.575213753
FR-AD-8-SMASH 0.542262655 0.62769113 0.677552754 0.59519859 0.480074477 0.35544322 0.511966947 0.47643657 0.612721464 0.4611453 0.885922705 0.70503703 0.742317005 0.6947523 0.693993238 0.53486296 0.497076902 0.36265361 0.529142493 0.38768383 0.48980497 0.38119582 0.581790223 0.45567806 0.416287136 0.34865073 0.621179682 0.50340003 0.684551307 0.4687335 0.387630176 0.26887396 0.330402253 0.0 0.549271948 0.38269947 0.786666414 0.72905777 0.527135256 0.34577337 0.900197511 0.80541211 0.452346687 0.39695579 0.629565672 0.53810181 0.821263662 0.67556469 0.647623366 0.50298717 0.825684899 0.65629498 0.710530949 0.54429568 0.493788983 0.37413325 0.707659193 0.55486848 0.863639982 0.73232098 0.713422833 0.44850625 0.606740794 0.4871467
IT-AD-1-RITA 0.557171867 0.802750788 0.627919378 0.778342844 0.288628635 0.45722926 0.442744447 0.521767722 0.549839464 0.595235468 0.632737549 0.586434984 0.697786423 0.788073886 0.448789106 0.633457278 0.307282212 0.502952088 0.338197319 0.522010864 0.30475371 0.467071144 0.386952779 0.369817044 0.36261736 0.558636538 0.524976948 0.69575627 0.683957593 0.775026262 0.386975538 0.654007468 0.373661103 0.549271948 0.0 0.356647084 0.697790268 0.743735616 0.290440712 0.50427886 0.916720823 0.949296944 0.367176531 0.546434562 0.584203652 0.67822572 0.492132312 0.534835994 0.477060614 0.668011644 0.697777519 0.674905958 0.347491023 0.42640587 0.309297371 0.502686576 0.375448193 0.393660268 0.624544142 0.703467584 0.407402043 0.390780554 0.41610309 0.574785366
IT-AD-1-SMASH 0.505194139 0.6665383 0.698823342 0.6671525 0.459324715 0.36761927 0.482789851 0.4597547 0.667800394 0.52318657 0.860019089 0.6721169 0.754170869 0.73446799 0.66979356 0.54405881 0.454147782 0.36591878 0.446727441 0.37111974 0.459473862 0.38820609 0.591256067 0.43771001 0.438616366 0.44961978 0.542171088 0.5626421 0.781701283 0.69384749 0.410856998 0.46407619 0.420664513 0.38269947 0.356647084 0.0 0.650670354 0.60365786 0.448251612 0.33407552 0.952110641 0.90658484 0.448835993 0.38937148 0.655758238 0.54859156 0.772888212 0.63916974 0.589173584 0.53075332 0.793745463 0.61815591 0.574802927 0.46470577 0.397856201 0.35311238 0.636721613 0.41637335 0.858397722 0.80068819 0.656109083 0.49503548 0.656373748 0.56179605
IT-AD-2-RITA 0.599591941 0.790350704 0.83482968 0.774462568 0.643593421 0.6004214 0.425184413 0.436204022 0.646718436 0.623458076 1.077216219 1.027675412 0.936398327 0.893018972 0.901070174 0.90279553 0.634680516 0.606073554 0.616796331 0.559669514 0.632813342 0.613026178 0.821412231 0.757066684 0.669289444 0.684205612 0.605769526 0.651361976 0.787758027 0.77813213 0.746052594 0.735273248 0.727626219 0.786666414 0.697790268 0.650670354 0.0 0.27672285 0.626456146 0.6371779 0.958931771 0.933236852 0.512038637 0.519388336 0.651721622 0.612594236 0.977088782 0.998151432 0.595800086 0.655455794 0.765835209 0.66137041 0.772650481 0.79441391 0.607871233 0.592719088 0.887220471 0.814487946 1.110271778 1.204662624 0.877016001 0.858772868 0.924691586 0.918272028
IT-AD-2-SMASH 0.553480811 0.6473684 0.892548814 0.75021516 0.714815035 0.58255263 0.535557115 0.37059574 0.703034122 0.53123003 1.118502993 0.98644176 0.987678539 0.86982939 0.945650698 0.85356537 0.727332498 0.59165588 0.685864703 0.4811285 0.714068482 0.58067071 0.880492799 0.74269917 0.717858964 0.63404312 0.62589899 0.5442158 0.833684535 0.71994263 0.774275958 0.66519257 0.765634205 0.72905777 0.743735616 0.60365786 0.27672285 0.0 0.667852188 0.55986254 0.980869057 0.86874022 0.564990303 0.45430256 0.712062932 0.52896184 1.019545504 0.93853238 0.627918884 0.5646743 0.839898947 0.61911977 0.800110609 0.66757963 0.633459667 0.4565335 0.926417639 0.75748379 1.150663466 1.16970827 0.927415139 0.79386938 0.936061554 0.86281635
IT-AD-3-RITA 0.465351165 0.710500902 0.637811042 0.759152558 0.323111101 0.450588984 0.401546795 0.48783352 0.575824046 0.595438658 0.676924935 0.632905808 0.691299587 0.794885136 0.487630022 0.592238808 0.23301281 0.438693862 0.182594739 0.389487592 0.32335386 0.464456794 0.416917629 0.39098412 0.33656353 0.5099846 0.473320614 0.654642808 0.623262113 0.71060862 0.299407616 0.54618235 0.323953899 0.527135256 0.290440712 0.448251612 0.626456146 0.667852188 0.0 0.301327584 0.852302139 0.913824876 0.383950095 0.537058138 0.474715628 0.594564952 0.482222676 0.529179776 0.477476524 0.59453066 0.635903931 0.606543994 0.339510101 0.36944586 0.315900761 0.477990288 0.425655123 0.44435686 0.660888564 0.774449014 0.403334891 0.401691152 0.400142062 0.517773444
IT-AD-3-SMASH 0.456514079 0.52190118 0.688206684 0.62525512 0.500608707 0.35991467 0.470832667 0.41665218 0.640618558 0.49309553 0.876962771 0.67496468 0.745331327 0.70018939 0.68941684 0.50819111 0.41742565 0.27389234 0.358997861 0.21458976 0.504335586 0.39333459 0.627361033 0.44818291 0.40597779 0.37446654 0.513829916 0.47799574 0.706433187 0.57671513 0.438404694 0.36605303 0.454867389 0.34577337 0.50427886 0.33407552 0.6371779 0.55986254 0.301327584 0.0 0.862636005 0.80485192 0.444395483 0.39882982 0.538218746 0.4162363 0.721040888 0.56456562 0.557982658 0.43451554 0.694237227 0.49659249 0.522710171 0.38828019 0.390794253 0.28128578 0.660517959 0.44278421 0.87121115 0.80523671 0.665854625 0.4208677 0.556932168 0.45968225
IT-AD-4-RITA 0.771340416 0.969486145 0.447402249 0.515230195 0.871085466 0.832146537 0.683310444 0.754009511 0.527091431 0.677344829 1.16166434 1.118494499 0.31027344 0.338116961 0.558620265 0.554561367 0.864989327 0.848872021 0.7944202 0.785849461 0.800059069 0.788759783 0.995938342 0.995733113 0.798194007 0.824484297 0.606245205 0.761189603 0.500333564 0.678823259 0.900728909 0.922194223 0.827799872 0.900197511 0.916720823 0.952110641 0.958931771 0.980869057 0.852302139 0.862636005 0.0 0.293822197 0.67506402 0.751633375 0.504585015 0.704588063 1.087275995 1.123547217 0.749617911 0.907561061 0.721799012 0.856494029 0.94533162 0.979050773 0.76475833 0.751370509 1.02498563 1.044728475 1.143425503 1.260113931 0.975251032 0.962040869 1.006749653 1.031478683
IT-AD-4-SMASH 0.790992915 0.83989648 0.511330508 0.40539112 0.923223823 0.79220275 0.749978473 0.63167048 0.540449838 0.52536617 1.230078395 1.06901746 0.413155653 0.28931049 0.638908042 0.50811479 0.958203812 0.80992502 0.864922073 0.69427916 0.895291688 0.74542531 1.069142439 0.93579655 0.872416964 0.80618394 0.667422084 0.58081244 0.572726241 0.52658135 0.954868238 0.87227503 0.882179437 0.80541211 0.949296944 0.90658484 0.933236852 0.86874022 0.913824876 0.80485192 0.293822197 0.0 0.764991161 0.67143036 0.525480842 0.5071057 1.187216964 1.06130136 0.817233126 0.73196732 0.785707571 0.73743435 1.015392351 0.89432627 0.836979779 0.70952094 1.093901997 0.98650021 1.20971459 1.17714699 1.077649523 0.8582217 1.0545761 0.95154601
IT-AD-5-RITA 0.387270602 0.641916923 0.481930253 0.611404675 0.294359106 0.310891189 0.252331106 0.355643751 0.363965247 0.430131917 0.73926527 0.706547017 0.589930888 0.627453699 0.564640317 0.582126841 0.339193421 0.376683933 0.326678398 0.392861793 0.301735781 0.308356537 0.501857286 0.529217863 0.317498735 0.436998201 0.347148779 0.522376955 0.448811226 0.552487013 0.416556757 0.532412767 0.332952424 0.452346687 0.367176531 0.448835993 0.512038637 0.564990303 0.383950095 0.444395483 0.67506402 0.764991161 0.0 0.275292985 0.423879889 0.519255945 0.635325485 0.710639447 0.325215437 0.535350965 0.53791951 0.529009333 0.491487352 0.547935599 0.23527025 0.317213301 0.532245782 0.605100111 0.722252339 0.851433679 0.531765424 0.571895491 0.549607511 0.616562871
IT-AD-5-SMASH 0.381264781 0.50121342 0.673033306 0.52623804 0.470767025 0.33378091 0.370701135 0.28225822 0.478344488 0.36418101 0.895450015 0.7182814 0.766609809 0.61443471 0.743152066 0.61099691 0.525671794 0.37038096 0.525200817 0.30513438 0.47844804 0.32565003 0.636966313 0.51908055 0.482530504 0.41980568 0.459125142 0.41417898 0.572819613 0.47168323 0.52040231 0.41537763 0.448397917 0.39695579 0.546434562 0.38937148 0.519388336 0.45430256 0.537058138 0.39882982 0.751633375 0.67143036 0.275292985 0.0 0.524944164 0.40217128 0.83486348 0.72466306 0.428246734 0.40465246 0.683181721 0.43610483 0.664016587 0.54626119 0.412874423 0.25109934 0.714195333 0.59578475 0.88717614 0.87827609 0.713409837 0.55131566 0.719339078 0.63036803
IT-AD-6-RITA 0.443936937 0.664500802 0.393034704 0.453345284 0.595976317 0.583362992 0.370024257 0.518790272 0.293371214 0.466150084 0.955352589 0.917658918 0.471777519 0.445454508 0.462439684 0.45047266 0.601642808 0.587707326 0.433244073 0.441060836 0.529122442 0.52147814 0.749402637 0.73745438 0.514080092 0.58688099 0.289040872 0.499435984 0.319287897 0.530505998 0.619961816 0.645259506 0.568904799 0.629565672 0.584203652 0.655758238 0.651721622 0.712062932 0.474715628 0.538218746 0.504585015 0.525480842 0.423879889 0.524944164 0.0 0.323325978 0.770373188 0.82684263 0.471730008 0.58186912 0.365510213 0.56100046 0.613332519 0.668875038 0.523209989 0.509404282 0.753950109 0.761368334 0.96756263 1.08045093 0.718156199 0.68060857 0.72498856 0.755833314
IT-AD-6-SMASH 0.472692881 0.49039154 0.649602792 0.45279796 0.653860895 0.51487313 0.461274343 0.34986684 0.446768602 0.27836651 1.019880937 0.82595328 0.699715003 0.53507651 0.689385818 0.51699011 0.70840084 0.50387836 0.543595565 0.34636654 0.635368446 0.48868881 0.823590379 0.65069825 0.616619774 0.50027094 0.385511854 0.28220156 0.567797149 0.34823225 0.68529193 0.55879839 0.647211217 0.53810181 0.67822572 0.54859156 0.612594236 0.52896184 0.594564952 0.4162363 0.704588063 0.5071057 0.519255945 0.40217128 0.323325978 0.0 0.898408436 0.75537392 0.513402654 0.3994328 0.572904039 0.43989287 0.684156167 0.58616001 0.573291855 0.40410138 0.843716769 0.64658075 1.025374014 1.00043863 0.828749381 0.58899042 0.782209278 0.67227609
JP-AD-1-RITA 0.732306997 0.988595988 0.840956358 0.990198574 0.535381759 0.70467393 0.681967179 0.780777426 0.756704956 0.80537578 0.457265049 0.460712694 0.856042667 0.984170138 0.62848979 0.7950189 0.524623552 0.755608632 0.469801359 0.703496528 0.496249508 0.721045294 0.289957205 0.483668488 0.556904686 0.767222522 0.715762568 0.935029984 0.844282129 0.93479552 0.560789334 0.863775342 0.577149161 0.821263662 0.492132312 0.772888212 0.977088782 1.019545504 0.482222676 0.721040888 1.087275995 1.187216964 0.635325485 0.83486348 0.770373188 0.898408436 0.0 0.34601065 0.649533128 0.828482394 0.747418741 0.769891806 0.299669387 0.54026382 0.580882721 0.788468216 0.294115469 0.477938272 0.4504544 0.671540748 0.257445299 0.504459942 0.40685145 0.621537514
JP-AD-1-SMASH 0.786346267 0.85079618 0.889599886 0.86703214 0.583226855 0.59483715 0.725198491 0.6820253 0.82546378 0.68474621 0.667306847 0.48732864 0.908276017 0.86866255 0.664837172 0.67556125 0.618623622 0.61552986 0.554099155 0.5660123 0.588254062 0.60266431 0.480917031 0.35024987 0.643394884 0.65838202 0.807116922 0.7862123 0.935982929 0.83762937 0.622032174 0.72613069 0.648582589 0.67556469 0.534835994 0.63916974 0.998151432 0.93853238 0.529179776 0.56456562 1.123547217 1.06130136 0.710639447 0.72466306 0.82684263 0.75537392 0.34601065 0.0 0.76047328 0.67999504 0.784176483 0.60028555 0.378633811 0.39375571 0.653805855 0.64950344 0.526313177 0.38764615 0.682307904 0.62413153 0.532762749 0.33762832 0.46997735 0.43594387
JP-AD-2-RITA 0.419870335 0.657463174 0.655681288 0.668587188 0.504799445 0.533459616 0.362049241 0.416632566 0.399268774 0.448157132 0.857743059 0.828499642 0.698364947 0.680065084 0.68423686 0.67956638 0.505021024 0.545989184 0.425963773 0.456447812 0.43915324 0.474805676 0.680341841 0.690109752 0.416791712 0.49075046 0.388550652 0.555721588 0.461579721 0.584742632 0.471762858 0.588430652 0.442238953 0.647623366 0.477060614 0.589173584 0.595800086 0.627918884 0.477476524 0.557982658 0.749617911 0.817233126 0.325215437 0.428246734 0.471730008 0.513402654 0.649533128 0.76047328 0.0 0.379583254 0.462722211 0.421096124 0.544577557 0.625695948 0.391709235 0.480167656 0.670715475 0.7234095 0.802475466 1.009667486 0.629377885 0.690356176 0.53430892 0.696072766
JP-AD-2-SMASH 0.509892679 0.51973814 0.80730296 0.58438416 0.680668321 0.54260037 0.536052827 0.39385154 0.574786436 0.37818671 1.000092791 0.81747762 0.859092589 0.68844269 0.834230852 0.66657383 0.701426504 0.50362272 0.570040933 0.3321208 0.652300466 0.45828105 0.817583235 0.67679163 0.598008202 0.44970566 0.557093418 0.3739038 0.710530223 0.44548687 0.640805064 0.45663809 0.660946323 0.50298717 0.668011644 0.53075332 0.655455794 0.5646743 0.59453066 0.43451554 0.907561061 0.73196732 0.535350965 0.40465246 0.58186912 0.3994328 0.828482394 0.67999504 0.379583254 0.0 0.571624377 0.31459989 0.698013835 0.53940571 0.576303517 0.40845964 0.836911231 0.62671597 1.021390056 0.90615085 0.845725323 0.58926766 0.66578904 0.57052247
JP-AD-3-RITA 0.611884338 0.837156349 0.551760047 0.651542531 0.713491674 0.696241445 0.485377404 0.619223271 0.408098103 0.578505259 1.025257916 1.002187709 0.636532668 0.605867399 0.618320355 0.615764765 0.710250237 0.707677727 0.560673632 0.565190097 0.622927731 0.646059957 0.86336759 0.849078951 0.609845059 0.702745549 0.399062759 0.646187049 0.501780634 0.666687973 0.749083065 0.772599967 0.730322066 0.825684899 0.697777519 0.793745463 0.765835209 0.839898947 0.635903931 0.694237227 0.721799012 0.785707571 0.53791951 0.683181721 0.365510213 0.572904039 0.747418741 0.784176483 0.462722211 0.571624377 0.0 0.367748431 0.612435448 0.675459781 0.632845796 0.652539823 0.867572556 0.887711719 1.043998405 1.157223727 0.83341028 0.846329649 0.731290873 0.711270045
JP-AD-3-SMASH 0.529491245 0.57518999 0.77612598 0.62937339 0.680157783 0.53969298 0.489779385 0.41114535 0.553351778 0.42888696 0.994823173 0.83367009 0.816134549 0.64256982 0.799311478 0.66835426 0.710354352 0.55335721 0.550678799 0.37900013 0.64285747 0.49676606 0.823987833 0.68266376 0.627656718 0.55160675 0.54474824 0.48173785 0.688228519 0.57647024 0.714877482 0.61430662 0.684170511 0.65629498 0.674905958 0.61815591 0.66137041 0.61911977 0.606543994 0.49659249 0.856494029 0.73743435 0.529009333 0.43610483 0.56100046 0.43989287 0.769891806 0.60028555 0.421096124 0.31459989 0.367748431 0.0 0.596104479 0.47039894 0.583997541 0.46877943 0.845092999 0.70115374 0.99740996 0.98118848 0.834393135 0.65114795 0.689117004 0.5349003
JP-AD-4-RITA 0.554866708 0.764891391 0.720188247 0.879227533 0.448384388 0.594339321 0.559686724 0.653595603 0.627166609 0.682254159 0.562161402 0.551437651 0.754874502 0.870425043 0.509999399 0.687298611 0.441393901 0.656579195 0.347946392 0.541202427 0.376197143 0.595828133 0.378816874 0.383235607 0.473039329 0.655855409 0.475042133 0.677367369 0.716349344 0.807837747 0.508686835 0.773739371 0.49158635 0.710530949 0.347491023 0.574802927 0.772650481 0.800110609 0.339510101 0.522710171 0.94533162 1.015392351 0.491487352 0.664016587 0.613332519 0.684156167 0.299669387 0.378633811 0.544577557 0.698013835 0.612435448 0.596104479 0.0 0.305795219 0.393127568 0.559318323 0.382498364 0.371310871 0.548769331 0.698839571 0.353522942 0.358400639 0.342829261 0.535258601
