AM-F10-T2-RITA 0.0 0.266099255381 0.43566603391 0.448064069278 0.329465342751 0.344928928943 0.290929613278 0.317290389008 0.356552649936 0.348939338581 0.438466742759 0.429885079573 0.4540241932 0.454939950227 0.420329076206 0.426673133109 0.332995361908 0.35141294485 0.25065953437 0.243654305239 0.313823492887 0.314648887785 0.37793745175 0.388381122561 0.283073853187 0.33566063989 0.249237945075 0.288936020607 0.37747589151 0.387349905545 0.321499049487 0.372215703991 0.289926480226 0.339241177748 0.308569055036 0.308540479942 0.37047885786 0.365137838578 0.267234583491 0.28428678647 0.455048623157 0.449040755384 0.250335324128 0.266623828194 0.305521329728 0.307928607708 0.378273758857 0.40668046752 0.287451023825 0.330637512322 0.375000032317 0.33866809452 0.286160639204 0.278265077846 0.224343728234 0.239062403716 0.352738428924 0.359718077465 0.449598164679 0.493269129028 0.34458370829 0.340379530803 0.354689366083 0.381821764878
AM-F10-T2-SMASH 0.266099255381 0.0 0.519137994507 0.465573215826 0.435007748872 0.379221423475 0.397171087436 0.35132925622 0.448095313949 0.378142322361 0.528984306803 0.453533926323 0.531139539361 0.483760670778 0.504629121804 0.44858249313 0.445190167476 0.374041797121 0.380383072865 0.268168937624 0.423131223121 0.349694038875 0.485221263496 0.424527469768 0.405001960337 0.32407135735 0.357246913055 0.261862421642 0.464615067771 0.376426325493 0.442016964334 0.375713043016 0.417536408512 0.353400220611 0.421654259311 0.357617893701 0.444565456325 0.383673786697 0.384756116651 0.302637015745 0.520013106413 0.462996457288 0.375021542216 0.304297851863 0.399585046739 0.304295637526 0.491011720478 0.437150680044 0.396878167518 0.32864564233 0.45912773118 0.356438595939 0.395567771855 0.301954540969 0.363138195061 0.256588937013 0.469565396299 0.383976060265 0.540836661242 0.511581686603 0.458195258975 0.364308662717 0.445008699967 0.391138078793
DA-AD-1-RITA 0.43566603391 0.519137994507 0.0 0.229794848978 0.354079980598 0.394020005043 0.313669003439 0.414135687609 0.186355118274 0.331518812789 0.452891301153 0.462158343627 0.133926052585 0.221939117937 0.177195125111 0.245297626189 0.348488559215 0.397988973243 0.334810400088 0.412308107653 0.339222053212 0.408255886539 0.378307194781 0.403836255098 0.338405454166 0.425866009473 0.256485150007 0.380985877889 0.22296787144 0.350921521319 0.364565636994 0.433210953384 0.35817481083 0.429867919688 0.378692327351 0.429806617069 0.46989370069 0.512227036684 0.376673996249 0.429249639717 0.251114259709 0.324692608071 0.334842334996 0.41863926609 0.241501809855 0.367863546715 0.425681012637 0.468579424687 0.389218259678 0.465851055075 0.327431308082 0.442298508669 0.387291430449 0.4473312393 0.374628529203 0.4238053467 0.405770859616 0.441548397943 0.435589573702 0.503488281967 0.408544837513 0.437451521559 0.418064920356 0.463617693951
DA-AD-1-SMASH 0.448064069278 0.465573215826 0.229794848978 0.0 0.408067928125 0.366407911148 0.351024477196 0.355449816617 0.257495143921 0.234442148139 0.52851996601 0.472472717995 0.254018968605 0.164432060589 0.291485539762 0.208297659989 0.410596489066 0.348040166499 0.393835986746 0.368003432386 0.41038788514 0.379348043587 0.449598902966 0.399078992548 0.410914799032 0.352773004801 0.32171661944 0.292004672896 0.306084389044 0.268836082084 0.408620239653 0.369368766828 0.407638557141 0.379662026965 0.44636627627 0.405845678463 0.476331467256 0.471474702526 0.428590370521 0.385506889856 0.304102209173 0.275284030589 0.386403448348 0.374035325028 0.300309846989 0.289055204201 0.503220026127 0.462877788338 0.423665534501 0.396992707579 0.382728955008 0.396849618754 0.461657208762 0.437546830751 0.431080939718 0.381252533198 0.482852420555 0.430913242798 0.506646842496 0.502274454625 0.484853177663 0.433329507556 0.45309311663 0.437114055451
DA-AD-2-RITA 0.329465342751 0.435007748872 0.354079980598 0.408067928125 0.0 0.184293268681 0.226822850893 0.308038680263 0.328144743033 0.369297945315 0.313685741967 0.332049540919 0.398955928779 0.429722677966 0.338231915065 0.383632693774 0.165951265033 0.248780533238 0.23885031053 0.307408700809 0.14584604602 0.239987590856 0.187665322845 0.213878999081 0.224378075429 0.318656567054 0.312237797994 0.395513374893 0.363952187788 0.404534627375 0.24833310294 0.349696182049 0.215630527462 0.305091440902 0.210310073231 0.302562286639 0.383831364964 0.430706812245 0.235004334289 0.312333129505 0.47355412481 0.497641627409 0.186463548595 0.292538607671 0.349352614093 0.389998085093 0.30951094033 0.364188661019 0.319419509543 0.40587119344 0.406378233846 0.405373408617 0.28232450142 0.339774377249 0.208500805352 0.300792856792 0.244369265192 0.296577998379 0.334915689351 0.409937528769 0.272607614427 0.311975705641 0.322457747702 0.37930492501
DA-AD-2-SMASH 0.344928928943 0.379221423475 0.394020005043 0.366407911148 0.184293268681 0.0 0.248535072006 0.218739453253 0.364953630445 0.319474152624 0.387827570237 0.341211182805 0.427270815698 0.402370181055 0.386069979428 0.367021051552 0.237947696653 0.169756587317 0.295347268955 0.249005714481 0.218281549648 0.150833960641 0.275494138866 0.186076284912 0.290230416669 0.25566631956 0.343679345732 0.33446900887 0.40143900954 0.360148577843 0.31185113705 0.303220396969 0.283300734194 0.263390000311 0.288867715181 0.271005424687 0.379439336121 0.376451705195 0.287065116981 0.260715131717 0.485448035676 0.470744158194 0.24246389904 0.228844892226 0.371477763253 0.332638858964 0.383262197842 0.354005942917 0.351873916835 0.351367513925 0.430588367736 0.360206402972 0.342845350067 0.316285899333 0.285433221752 0.245808476217 0.332835625187 0.280330746962 0.400433706882 0.405855219739 0.349278770502 0.301909065225 0.372071909727 0.348071046983
DA-AD-3-RITA 0.290929613278 0.397171087436 0.313669003439 0.351024477196 0.226822850893 0.248535072006 0.0 0.215566171783 0.248444242911 0.291150841971 0.417963780652 0.412999528635 0.354882757629 0.372660707012 0.335562089588 0.361593073048 0.204560446174 0.243994834738 0.205907147106 0.260965288725 0.216008922382 0.258146921226 0.308604551775 0.30421471733 0.230546473941 0.317259643388 0.246296116284 0.335174207132 0.314947652499 0.352507049005 0.278175066739 0.33179386745 0.268707750013 0.335901057622 0.260322536602 0.309773567358 0.317188134776 0.362976987046 0.234566465081 0.290467553449 0.414758652556 0.430986480139 0.183101494455 0.268740722932 0.249432595354 0.293690917107 0.35799158769 0.391179385229 0.253159201077 0.340227498479 0.301962727204 0.320334703149 0.301943445937 0.340585156376 0.238247039839 0.282246335522 0.335560915381 0.351106622236 0.430981491912 0.480543946886 0.335695465816 0.360226419585 0.35649872212 0.388670330631
DA-AD-3-SMASH 0.317290389008 0.35132925622 0.414135687609 0.355449816617 0.308038680263 0.218739453253 0.215566171783 0.0 0.344437555252 0.252853009708 0.490578615966 0.44584491106 0.441208793948 0.395162094464 0.434982694227 0.400406915638 0.305503512351 0.219694872184 0.326535999144 0.229213364324 0.310229696312 0.228552426288 0.390182868175 0.322603527025 0.325748549188 0.285818685684 0.342162275226 0.310771728661 0.404526005371 0.343373799713 0.364934807344 0.319205936089 0.348867876081 0.326364155928 0.355455395662 0.312996422394 0.3388422666 0.300849848347 0.328297583121 0.277332858806 0.475386879626 0.435550569407 0.280831393441 0.231444751783 0.34633541759 0.264809855238 0.447356109634 0.408311885141 0.309762866945 0.278322501425 0.389931923314 0.287175081196 0.394809117636 0.349309504817 0.32311828227 0.256171353642 0.423634398471 0.370266879802 0.499014553246 0.497175003432 0.429783849786 0.379583461515 0.428311332011 0.392690254856
DA-AD-4-RITA 0.356552649936 0.448095313949 0.186355118274 0.257495143921 0.328144743033 0.364953630445 0.248444242911 0.344437555252 0.0 0.224193889607 0.459758845311 0.460060762251 0.228621774996 0.254624931142 0.246860264893 0.280122255548 0.331203882691 0.368096923519 0.288057434596 0.351754926478 0.304339544872 0.35279327407 0.379351035987 0.398870172544 0.284304533953 0.373778245691 0.205152640199 0.312471103843 0.177477151889 0.278598725324 0.316923974767 0.374386426467 0.313905657761 0.384995154881 0.346038923388 0.398914939168 0.413957699087 0.447044891283 0.341893427492 0.38887832552 0.284547719308 0.317614728462 0.258278864977 0.345172083153 0.210766091059 0.302377482172 0.407791931015 0.444905949905 0.285996130965 0.37829423254 0.279780303767 0.362698208489 0.351207283627 0.397623176952 0.308740816826 0.355410918853 0.404869123722 0.431247141514 0.433097322511 0.48443808977 0.392831619514 0.408948102223 0.364353700371 0.409924418608
DA-AD-4-SMASH 0.348939338581 0.378142322361 0.331518812789 0.234442148139 0.369297945315 0.319474152624 0.291150841971 0.252853009708 0.224193889607 0.0 0.500754641075 0.449294994754 0.354162744438 0.277145305082 0.361753358939 0.300698230606 0.380949287404 0.313092949398 0.343272465037 0.280782512722 0.357093370741 0.297727745261 0.420493674101 0.37524884228 0.339912611509 0.295754837948 0.289415937662 0.232960558322 0.30339621484 0.217522683849 0.357549719878 0.310804219516 0.347620756215 0.318032317649 0.396375646859 0.35287495778 0.416920313039 0.387815490946 0.381669948464 0.337429592792 0.382768706904 0.329449262691 0.310093272363 0.277330784254 0.300587380548 0.229311370769 0.459376699024 0.420389201962 0.31869329192 0.28076381375 0.35366209036 0.296642057282 0.404882676747 0.364335831116 0.362089008687 0.295495388618 0.45333115927 0.406417039721 0.477717155311 0.467293637292 0.444189364925 0.382952745125 0.394245923787 0.367814957439
ES-AD-1-RITA 0.438466742759 0.528984306803 0.452891301153 0.52851996601 0.313685741967 0.387827570237 0.417963780652 0.490578615966 0.459758845311 0.500754641075 0.0 0.187648603672 0.46321339968 0.513527804399 0.352257499638 0.423742384203 0.330223563841 0.424666989443 0.323651266036 0.42621120916 0.315619398268 0.413967459568 0.198154589957 0.284265205431 0.351565022203 0.440711692504 0.425197964677 0.5067153555 0.469687706184 0.520132445463 0.355398512708 0.47834929578 0.335679787924 0.420741789314 0.294930564373 0.402065694889 0.535153830988 0.567509604545 0.313762637301 0.405409934937 0.543074848297 0.585618408996 0.371997763993 0.459320723401 0.45719848069 0.512931607445 0.217016889415 0.319118736354 0.434772595924 0.507481509137 0.4815358093 0.491460079627 0.255246702375 0.352632598346 0.330798957797 0.417483387961 0.15192617802 0.275390060181 0.2563471604 0.383322534385 0.185833292873 0.287728443421 0.327937623238 0.402238442754
ES-AD-1-SMASH 0.429885079573 0.453533926323 0.462158343627 0.472472717995 0.332049540919 0.341211182805 0.412999528635 0.44584491106 0.460060762251 0.449294994754 0.187648603672 0.0 0.468210619778 0.46619924587 0.358770150323 0.355599149403 0.358337917415 0.363772320741 0.335995269164 0.364274610636 0.344257617179 0.367701558516 0.263245934228 0.232997272639 0.375394365392 0.372607467671 0.42091365266 0.43131626041 0.474662277964 0.455308396042 0.375883384419 0.424406565122 0.356124376689 0.355498179325 0.313835406774 0.347603147899 0.523387123235 0.526183974158 0.32381321896 0.335517773186 0.530230985608 0.533515103494 0.376753183349 0.404054076024 0.446345339632 0.445297092526 0.278985776744 0.248780603081 0.441638955835 0.440512108594 0.476745995406 0.432896375374 0.286078252692 0.287065780632 0.34391708598 0.346382395273 0.228548543029 0.182403501263 0.321492054547 0.337794078698 0.239585711818 0.202023893401 0.339660116979 0.342269231405
ES-AD-2-RITA 0.4540241932 0.531139539361 0.133926052585 0.254018968605 0.398955928779 0.427270815698 0.354882757629 0.441208793948 0.228621774996 0.354162744438 0.46321339968 0.468210619778 0.0 0.167400599013 0.171914124207 0.235517935127 0.397351764319 0.436394684509 0.358437888939 0.43749082751 0.375334813486 0.433208907067 0.410264070784 0.431351550696 0.386157129499 0.449489710645 0.28732538213 0.394135860002 0.254257622085 0.373678425174 0.409944092872 0.473574982544 0.398935635152 0.465772055649 0.414980690841 0.456507309291 0.500648831649 0.537938302518 0.410106819634 0.455012401684 0.211056683365 0.305771510347 0.37490129738 0.448764575746 0.243184292589 0.372092785974 0.436969912909 0.473140910438 0.401122756587 0.470747147066 0.312647765787 0.431396843247 0.398847821321 0.453426304909 0.409019926102 0.446843139424 0.429262217831 0.457331554276 0.450264905339 0.524216750555 0.424174634573 0.452329101048 0.435310568761 0.473726912468
ES-AD-2-SMASH 0.454939950227 0.483760670778 0.221939117937 0.164432060589 0.429722677966 0.402370181055 0.372660707012 0.395162094464 0.254624931142 0.277145305082 0.513527804399 0.46619924587 0.167400599013 0.0 0.252376690893 0.191347175246 0.438504352364 0.401819328995 0.395990739332 0.395864953624 0.417849471043 0.401910996252 0.457141115404 0.422085348059 0.423966526075 0.404768359712 0.319279996707 0.321037593947 0.301215120582 0.311187519909 0.440386648842 0.431397176501 0.433116063508 0.428433597804 0.450200625938 0.43395138982 0.501303804797 0.502472439398 0.442551280489 0.421110018573 0.242910300027 0.241856403029 0.399498454844 0.408298947823 0.272945696209 0.305471840398 0.490324635435 0.458505836751 0.419952245586 0.40891744305 0.336484674273 0.377914081291 0.443387014346 0.428453955442 0.439527772091 0.406867187922 0.479595194435 0.443652318063 0.502370072242 0.506905534222 0.476037758297 0.433691991589 0.461829105626 0.442392802024
ES-AD-3-RITA 0.420329076206 0.504629121804 0.177195125111 0.291485539762 0.338231915065 0.386069979428 0.335562089588 0.434982694227 0.246860264893 0.361753358939 0.352257499638 0.358770150323 0.171914124207 0.252376690893 0.0 0.175061302545 0.336390144685 0.396690249443 0.294461726759 0.397891143171 0.320367957924 0.395783363314 0.315166251306 0.349735650932 0.3399027333 0.417193330237 0.276511714972 0.389727095889 0.257635324671 0.36812593072 0.346668176268 0.436516186575 0.325904591276 0.40504658869 0.342410729994 0.404335188874 0.484659020753 0.525908984038 0.339199488994 0.400216639013 0.270492166971 0.347938825598 0.328839620186 0.417513955269 0.251867893297 0.374165839947 0.344065237058 0.390601583877 0.38750892869 0.462617516915 0.321871124752 0.424492719567 0.32103549701 0.390386049835 0.349813750347 0.405936101109 0.329154905685 0.366839321914 0.369507258182 0.453427701085 0.312469758291 0.358726532074 0.371715289516 0.420823618046
ES-AD-3-SMASH 0.426673133109 0.44858249313 0.245297626189 0.208297659989 0.383632693774 0.367021051552 0.361593073048 0.400406915638 0.280122255548 0.300698230606 0.423742384203 0.355599149403 0.235517935127 0.191347175246 0.175061302545 0.0 0.391061643379 0.359806820154 0.342236076646 0.351211578034 0.376468028737 0.372338589247 0.385169386063 0.341979861155 0.387120620343 0.366216200945 0.309409093381 0.318171381521 0.300570172833 0.303870730599 0.387513215296 0.386710794999 0.369339756425 0.355411059163 0.39593895659 0.383438665921 0.491862603332 0.49610093364 0.379901912285 0.355654731592 0.282601994868 0.284054074791 0.36625412632 0.377963216928 0.274717929613 0.304231324975 0.409554364901 0.368849649946 0.413427809272 0.405814117823 0.34470434995 0.378338678717 0.378661043027 0.366461853617 0.394256142773 0.364945086437 0.402693084442 0.352829722753 0.442226544239 0.44819865939 0.385844904423 0.339034463375 0.402789333895 0.38570403576
ES-AD-4-RITA 0.332995361908 0.445190167476 0.348488559215 0.410596489066 0.165951265033 0.237947696653 0.204560446174 0.305503512351 0.331203882691 0.380949287404 0.330223563841 0.358337917415 0.397351764319 0.438504352364 0.336390144685 0.391061643379 0.0 0.210019506132 0.192052132154 0.284945416258 0.154796011451 0.250746011294 0.180127760144 0.22030620655 0.193637133248 0.308065449793 0.308260558195 0.409641401378 0.358655444611 0.40769443788 0.188587786266 0.312679739626 0.202726364258 0.311307285024 0.211371581288 0.286344490147 0.377108455219 0.427310552616 0.17655694719 0.278305033042 0.476304142048 0.510845459739 0.225562245865 0.319240869854 0.344593117824 0.399995688256 0.283977530557 0.351740498332 0.309443781829 0.399665915768 0.389622541708 0.400373576151 0.266839865748 0.336477885962 0.224129659194 0.314877978869 0.236692094723 0.294106939275 0.335276871672 0.42012452861 0.260440721875 0.316609176136 0.29743900794 0.375446368791
ES-AD-4-SMASH 0.35141294485 0.374041797121 0.397988973243 0.348040166499 0.248780533238 0.169756587317 0.243994834738 0.219694872184 0.368096923519 0.313092949398 0.424666989443 0.363772320741 0.436394684509 0.401819328995 0.396690249443 0.359806820154 0.210019506132 0.0 0.280388980983 0.202310755743 0.254135838494 0.171744472174 0.299322689782 0.196522979997 0.282044352015 0.211113404084 0.351171355034 0.333855779377 0.409161977997 0.348885700151 0.2808545555 0.230892583895 0.291254502352 0.242505789813 0.302616173441 0.244778331433 0.380589823735 0.374045605805 0.266761505235 0.205157197029 0.494329253143 0.4724079019 0.288224673849 0.254064053769 0.372862757386 0.328662325941 0.386565019749 0.337075317867 0.360201691813 0.325515783541 0.420733230361 0.345300987292 0.355373250778 0.312193409341 0.307324178271 0.244540139197 0.351483621585 0.271767850311 0.43620262447 0.419475234865 0.369575297036 0.301916099208 0.357464774459 0.335037516559
FR-AD-1-RITA 0.25065953437 0.380383072865 0.334810400088 0.393835986746 0.23885031053 0.295347268955 0.205907147106 0.326535999144 0.288057434596 0.343272465037 0.323651266036 0.335995269164 0.358437888939 0.395990739332 0.294461726759 0.342236076646 0.192052132154 0.280388980983 0.0 0.233299883338 0.200320066812 0.278801636323 0.240463352307 0.276886107541 0.188589936251 0.298151603405 0.220305806427 0.33621867829 0.299297477579 0.357152731739 0.202720694591 0.328903825964 0.200189261866 0.313982355052 0.217766667098 0.28415863471 0.365378417961 0.408340284339 0.13212420644 0.245810123573 0.412003881305 0.448118743508 0.204521568079 0.305239330438 0.245910470383 0.321785829589 0.243424610376 0.312532492779 0.259636562119 0.355877004362 0.314167853786 0.339403017786 0.187210024018 0.2648977774 0.197199915109 0.278862247105 0.239065010855 0.284566478501 0.342652404133 0.428770659814 0.225573522432 0.276950056663 0.252723063154 0.332115452358
FR-AD-1-SMASH 0.243654305239 0.268168937624 0.412308107653 0.368003432386 0.307408700809 0.249005714481 0.260965288725 0.229213364324 0.351754926478 0.280782512722 0.42621120916 0.364274610636 0.43749082751 0.395864953624 0.397891143171 0.351211578034 0.284945416258 0.202310755743 0.233299883338 0.0 0.294184346375 0.209600267892 0.341086884019 0.271151095081 0.267125245203 0.20763170592 0.296378344128 0.252705460764 0.386259730953 0.310474327941 0.289592971418 0.237300475708 0.287802520978 0.225235201192 0.309054259299 0.244238629076 0.369859573256 0.333384833846 0.23662511901 0.143432271042 0.464577973466 0.426336561094 0.277547904265 0.223116525993 0.311689067976 0.245032413946 0.363748323644 0.30238064241 0.312810147446 0.243868577453 0.371978694577 0.275904990218 0.304767675329 0.22100734149 0.282629096246 0.187848364444 0.35593534617 0.279859763911 0.454780714848 0.420366313208 0.356431200662 0.255095319988 0.335230392839 0.285465571276
FR-AD-2-RITA 0.313823492887 0.423131223121 0.339222053212 0.41038788514 0.14584604602 0.218281549648 0.216008922382 0.310229696312 0.304339544872 0.357093370741 0.315619398268 0.344257617179 0.375334813486 0.417849471043 0.320367957924 0.376468028737 0.154796011451 0.254135838494 0.200320066812 0.294184346375 0.0 0.207769141432 0.183556854026 0.227169551497 0.179032364169 0.304445802993 0.266546976365 0.380094745877 0.329884469561 0.391077976047 0.227012931122 0.348929068972 0.196773715842 0.31618494373 0.209834346664 0.299843443486 0.37804831278 0.4256389229 0.221541895069 0.313581893157 0.449420596207 0.487273069682 0.184697166476 0.299124527699 0.320014654536 0.377287776494 0.274803666066 0.349738132432 0.286826893412 0.392795263287 0.364559706885 0.380550686641 0.232927150464 0.319544166226 0.209264456402 0.300134996081 0.246406454607 0.306514945237 0.311210351566 0.420646493395 0.255760307601 0.316014371725 0.275020004417 0.359764661537
FR-AD-2-SMASH 0.314648887785 0.349694038875 0.408255886539 0.379348043587 0.239987590856 0.150833960641 0.258146921226 0.228552426288 0.35279327407 0.297727745261 0.413967459568 0.367701558516 0.433208907067 0.401910996252 0.395783363314 0.372338589247 0.250746011294 0.171744472174 0.278801636323 0.209600267892 0.207769141432 0.0 0.291068428149 0.217529467261 0.276255116953 0.23953556688 0.327546103622 0.313257910895 0.394941256769 0.344772991509 0.293930840845 0.276404908793 0.275986120254 0.247564906206 0.293779057011 0.251993048823 0.38058897206 0.36757645503 0.289684321006 0.257267869408 0.482187184342 0.462395359059 0.250651858718 0.22022675151 0.362937751329 0.323933392237 0.378305460051 0.345543276012 0.335391936044 0.31760167533 0.410194004351 0.334193039394 0.328205234343 0.284948682448 0.284351817656 0.23021394057 0.351343624281 0.295646664351 0.414999057038 0.409180115678 0.356030961611 0.298421805881 0.346154454862 0.325272735228
FR-AD-3-RITA 0.37793745175 0.485221263496 0.378307194781 0.449598902966 0.187665322845 0.275494138866 0.308604551775 0.390182868175 0.379351035987 0.420493674101 0.198154589957 0.263245934228 0.410264070784 0.457141115404 0.315166251306 0.385169386063 0.180127760144 0.299322689782 0.240463352307 0.341086884019 0.183556854026 0.291068428149 0.0 0.177725860764 0.247145523574 0.351792762871 0.358473442213 0.448278197344 0.399957911648 0.448152020679 0.225375863393 0.367331990799 0.211907718683 0.31650699939 0.217669785703 0.31288677896 0.452688168051 0.493971312941 0.228453304412 0.329953081335 0.502203945353 0.541384710724 0.276161522513 0.3663662008 0.392774500207 0.450204472015 0.226852562041 0.315004016571 0.369117725128 0.445677062435 0.430521633508 0.437178804189 0.237850807982 0.322322325794 0.261709027777 0.351737507688 0.147648444846 0.257075734519 0.253797514587 0.363313716774 0.188626664736 0.269171844011 0.28145181241 0.364823762903
FR-AD-3-SMASH 0.388381122561 0.424527469768 0.403836255098 0.399078992548 0.213878999081 0.186076284912 0.30421471733 0.322603527025 0.398870172544 0.37524884228 0.284265205431 0.232997272639 0.431351550696 0.422085348059 0.349735650932 0.341979861155 0.22030620655 0.196522979997 0.276886107541 0.271151095081 0.227169551497 0.217529467261 0.177725860764 0.0 0.291100236554 0.275355118215 0.381313578453 0.389338551187 0.430879556913 0.400346348315 0.276563497617 0.301283748327 0.268708006113 0.249202818148 0.262095824014 0.272695722876 0.440155250384 0.448756454867 0.25383719596 0.251188833877 0.511324750802 0.508429377535 0.303078161107 0.31552568574 0.400671630799 0.390951605832 0.301049294333 0.268051856706 0.393058777485 0.389683000942 0.441076918285 0.38440586101 0.289803028349 0.27493598589 0.303020232466 0.293385599732 0.247007768103 0.198483323455 0.342653819676 0.341923896678 0.273279728278 0.218219871006 0.319808728862 0.308427187736
FR-AD-4-RITA 0.283073853187 0.405001960337 0.338405454166 0.410914799032 0.224378075429 0.290230416669 0.230546473941 0.325748549188 0.284304533953 0.339912611509 0.351565022203 0.375394365392 0.386157129499 0.423966526075 0.3399027333 0.387120620343 0.193637133248 0.282044352015 0.188589936251 0.267125245203 0.179032364169 0.276255116953 0.247145523574 0.291100236554 0.0 0.2680643907 0.248074956816 0.372081386034 0.301826499225 0.367228249892 0.170711535845 0.305310793071 0.175035116057 0.295272038994 0.22442696147 0.30048288392 0.387001730176 0.421427197485 0.190163443822 0.28731104012 0.448593417907 0.482419206062 0.205347506105 0.301188461642 0.311051414071 0.370892041721 0.282038957773 0.358693082621 0.256164766948 0.358482652699 0.354204586937 0.374947935965 0.248347091328 0.325017914438 0.20276750449 0.287325360509 0.264755318432 0.320138484542 0.331843712694 0.421054326942 0.268115986746 0.310230817211 0.250037837002 0.343855549156
FR-AD-4-SMASH 0.33566063989 0.32407135735 0.425866009473 0.352773004801 0.318656567054 0.25566631956 0.317259643388 0.285818685684 0.373778245691 0.295754837948 0.440711692504 0.372607467671 0.449489710645 0.404768359712 0.417193330237 0.366216200945 0.308065449793 0.211113404084 0.298151603405 0.20763170592 0.304445802993 0.23953556688 0.351792762871 0.275355118215 0.2680643907 0.0 0.338495676489 0.284406924073 0.392706161346 0.30025332951 0.281267601361 0.21968176406 0.288400916168 0.219538713863 0.340217063929 0.27432767828 0.419028733105 0.393164231239 0.294297604584 0.215945631609 0.489795501765 0.46266029574 0.312841997716 0.268427135398 0.380462807374 0.312457425826 0.395968430159 0.344623924693 0.338693399307 0.278557360583 0.427459700549 0.340048932855 0.356574553841 0.308226278721 0.314949468978 0.23131685705 0.3762430796 0.287455534429 0.415464028746 0.406568183386 0.379066401992 0.295561996401 0.29951880596 0.293424158298
FR-AD-5-RITA 0.249237945075 0.357246913055 0.256485150007 0.32171661944 0.312237797994 0.343679345732 0.246296116284 0.342162275226 0.205152640199 0.289415937662 0.425197964677 0.42091365266 0.28732538213 0.319279996707 0.276511714972 0.309409093381 0.308260558195 0.351171355034 0.220305806427 0.296378344128 0.266546976365 0.327546103622 0.358473442213 0.381313578453 0.248074956816 0.338495676489 0.0 0.244842134739 0.212785227603 0.302537033824 0.306321925011 0.389582104205 0.280648352038 0.370614844851 0.299170150816 0.33460301326 0.383677567832 0.410850299488 0.274142301784 0.327685333021 0.315040430937 0.349635233363 0.227692898308 0.310965730016 0.172210634 0.264640814573 0.369465156143 0.416070835871 0.267098549821 0.359283759148 0.278735671772 0.346152911317 0.266040037435 0.323053132647 0.250621346716 0.295340154187 0.347281793827 0.368503912665 0.398891640219 0.481873215983 0.332132134204 0.359921931323 0.333417310172 0.397972674045
FR-AD-5-SMASH 0.288936020607 0.261862421642 0.380985877889 0.292004672896 0.395513374893 0.33446900887 0.335174207132 0.310771728661 0.312471103843 0.232960558322 0.5067153555 0.43131626041 0.394135860002 0.321037593947 0.389727095889 0.318171381521 0.409641401378 0.333855779377 0.33621867829 0.252705460764 0.380094745877 0.313257910895 0.448278197344 0.389338551187 0.372081386034 0.284406924073 0.244842134739 0.0 0.346798905216 0.237467138074 0.396187347104 0.344706280277 0.382370411792 0.328993765363 0.393950563026 0.338293152957 0.418633866414 0.379854064274 0.366952245277 0.291706032703 0.392742475786 0.323532867913 0.326553960494 0.279523794579 0.289949696105 0.19133489956 0.473419564894 0.414385885489 0.357603700309 0.285056700075 0.372864701747 0.306025824027 0.371480132693 0.293832690331 0.349248365971 0.2489622617 0.446325637829 0.364343892346 0.495017531229 0.450986199656 0.436877733592 0.341622903805 0.402187941198 0.352363042566
FR-AD-6-RITA 0.37747589151 0.464615067771 0.22296787144 0.306084389044 0.363952187788 0.40143900954 0.314947652499 0.404526005371 0.177477151889 0.30339621484 0.469687706184 0.474662277964 0.254257622085 0.301215120582 0.257635324671 0.300570172833 0.358655444611 0.409161977997 0.299297477579 0.386259730953 0.329884469561 0.394941256769 0.399957911648 0.430879556913 0.301826499225 0.392706161346 0.212785227603 0.346798905216 0.0 0.263093282204 0.32933850414 0.414512620019 0.306707080445 0.40318201823 0.383042572325 0.428577239852 0.448412580121 0.481793399887 0.355664548571 0.411205010425 0.248466759319 0.308325998781 0.289516203575 0.373931660972 0.22738659016 0.330930297754 0.424098902378 0.47805585523 0.314118337035 0.419256750878 0.31616163231 0.408579095538 0.37207030409 0.433472021212 0.332548024952 0.38496653107 0.418584271605 0.451754188646 0.40714712572 0.505049752121 0.393281161749 0.428716983012 0.371567016956 0.450318302394
FR-AD-6-SMASH 0.387349905545 0.376426325493 0.350921521319 0.268836082084 0.404534627375 0.360148577843 0.352507049005 0.343373799713 0.278598725324 0.217522683849 0.520132445463 0.455308396042 0.373678425174 0.311187519909 0.36812593072 0.303870730599 0.40769443788 0.348885700151 0.357152731739 0.310474327941 0.391077976047 0.344772991509 0.448152020679 0.400346348315 0.367228249892 0.30025332951 0.302537033824 0.237467138074 0.263093282204 0.0 0.371391871408 0.334241618836 0.358088061547 0.31890929385 0.432937642899 0.398991445855 0.456235666598 0.438021975104 0.392419164443 0.351332564612 0.356851609622 0.292533270833 0.344142771079 0.320630642563 0.308054673554 0.249788668745 0.484008718886 0.443105913405 0.363949760706 0.317749088575 0.3847481779 0.346733212527 0.427886964286 0.391349069167 0.384783002693 0.328916640787 0.474699472534 0.419301127244 0.476525416452 0.435024845033 0.452946403839 0.378254597879 0.399826066388 0.381364887237
FR-AD-7-RITA 0.321499049487 0.442016964334 0.364565636994 0.408620239653 0.24833310294 0.31185113705 0.278175066739 0.364934807344 0.316923974767 0.357549719878 0.355398512708 0.375883384419 0.409944092872 0.440386648842 0.346668176268 0.387513215296 0.188587786266 0.2808545555 0.202720694591 0.289592971418 0.227012931122 0.293930840845 0.225375863393 0.276563497617 0.170711535845 0.281267601361 0.306321925011 0.396187347104 0.32933850414 0.371391871408 0.0 0.25111506399 0.144455420095 0.266240901922 0.256923156198 0.298052568702 0.42389978123 0.45647039903 0.199303417543 0.283823981127 0.473434703069 0.508409752105 0.255745476875 0.322648199228 0.358751046904 0.407045762388 0.288468390076 0.355401120277 0.295640261545 0.378515281278 0.399162291038 0.404538010936 0.281282061809 0.33601365739 0.241685597101 0.315088295264 0.266745801635 0.317428694932 0.313429059601 0.394696120676 0.270719436454 0.309705483571 0.221674949472 0.347011461533
FR-AD-7-SMASH 0.372215703991 0.375713043016 0.433210953384 0.369368766828 0.349696182049 0.303220396969 0.33179386745 0.319205936089 0.374386426467 0.310804219516 0.47834929578 0.424406565122 0.473574982544 0.431397176501 0.436516186575 0.386710794999 0.312679739626 0.230892583895 0.328903825964 0.237300475708 0.348929068972 0.276404908793 0.367331990799 0.301283748327 0.305310793071 0.21968176406 0.389582104205 0.344706280277 0.414512620019 0.334241618836 0.25111506399 0.0 0.307471096695 0.203216246716 0.373599403992 0.30121422688 0.444733189441 0.418108706447 0.320290453695 0.238021995185 0.513994200468 0.486393302439 0.344570576346 0.281251752226 0.415072783131 0.366204412672 0.427260358285 0.377865192974 0.378825361522 0.323234115506 0.451624389215 0.378033936032 0.404745939254 0.348086003556 0.359040561465 0.279738342336 0.412830653521 0.345019409585 0.47046820302 0.411372251987 0.422848507232 0.335756720822 0.349612463378 0.299349597782
FR-AD-8-RITA 0.289926480226 0.417536408512 0.35817481083 0.407638557141 0.215630527462 0.283300734194 0.268707750013 0.348867876081 0.313905657761 0.347620756215 0.335679787924 0.356124376689 0.398935635152 0.433116063508 0.325904591276 0.369339756425 0.202726364258 0.291254502352 0.200189261866 0.287802520978 0.196773715842 0.275986120254 0.211907718683 0.268708006113 0.175035116057 0.288400916168 0.280648352038 0.382370411792 0.306707080445 0.358088061547 0.144455420095 0.307471096695 0.0 0.235040087918 0.246402185271 0.289760570911 0.411037298664 0.447012998334 0.206266392372 0.294369686267 0.450133659666 0.481760430551 0.213671492013 0.297539237575 0.32275507933 0.372732671998 0.298557778004 0.373968993511 0.281577058298 0.379780943885 0.392192027997 0.397999105394 0.273064943574 0.337967594654 0.213193557066 0.297455615017 0.259352774506 0.316323315778 0.292492298963 0.407971891956 0.237896826881 0.293698591433 0.256932999628 0.365352191477
FR-AD-8-SMASH 0.339241177748 0.353400220611 0.429867919688 0.379662026965 0.305091440902 0.263390000311 0.335901057622 0.326364155928 0.384995154881 0.318032317649 0.420741789314 0.355498179325 0.465772055649 0.428433597804 0.40504658869 0.355411059163 0.311307285024 0.242505789813 0.313982355052 0.225235201192 0.31618494373 0.247564906206 0.31650699939 0.249202818148 0.295272038994 0.219538713863 0.370614844851 0.328993765363 0.40318201823 0.31890929385 0.266240901922 0.203216246716 0.235040087918 0.0 0.338346697766 0.26977953457 0.446749236102 0.427974043024 0.298428510407 0.231900947831 0.497977012089 0.462971797075 0.309069245042 0.255356557453 0.383000414176 0.333191923843 0.406187016137 0.362038658919 0.379655526689 0.321103081379 0.452073107262 0.377354988061 0.373030397223 0.314165915102 0.323969586032 0.251130026894 0.365594403569 0.297873984655 0.425102374761 0.364185662493 0.360050004674 0.253075664835 0.343823339244 0.308523022948
IT-AD-1-RITA 0.308569055036 0.421654259311 0.378692327351 0.44636627627 0.210310073231 0.288867715181 0.260322536602 0.355455395662 0.346038923388 0.396375646859 0.294930564373 0.313835406774 0.414980690841 0.450200625938 0.342410729994 0.39593895659 0.211371581288 0.302616173441 0.217766667098 0.309054259299 0.209834346664 0.293779057011 0.217669785703 0.262095824014 0.22442696147 0.340217063929 0.299170150816 0.393950563026 0.383042572325 0.432937642899 0.256923156198 0.373599403992 0.246402185271 0.338346697766 0.0 0.236563467379 0.396123223302 0.437408127982 0.20529278543 0.307766539038 0.487472836685 0.515129699667 0.22251646862 0.333306994695 0.351288766566 0.406629986176 0.269587200325 0.330848443611 0.295118904284 0.394202914289 0.37571148639 0.391343582904 0.21612548721 0.284170382772 0.197513557435 0.30051501831 0.200434423542 0.256964127439 0.338822832608 0.403323565744 0.229340967508 0.278765687488 0.292901902316 0.35891067979
IT-AD-1-SMASH 0.308540479942 0.357617893701 0.429806617069 0.405845678463 0.302562286639 0.271005424687 0.309773567358 0.312996422394 0.398914939168 0.35287495778 0.402065694889 0.347603147899 0.456507309291 0.43395138982 0.404335188874 0.383438665921 0.286344490147 0.244778331433 0.28415863471 0.244238629076 0.299843443486 0.251993048823 0.31288677896 0.272695722876 0.30048288392 0.27432767828 0.33460301326 0.338293152957 0.428577239852 0.398991445855 0.298052568702 0.30121422688 0.289760570911 0.26977953457 0.236563467379 0.0 0.404692988349 0.383930779572 0.274482752882 0.24084842566 0.507350212073 0.499082238014 0.287226949845 0.254114791748 0.383846884887 0.358336248256 0.374855015367 0.342125903414 0.346598419799 0.328732426537 0.429284271282 0.365920172437 0.318125103666 0.268343242291 0.298842630508 0.239920780139 0.319350572408 0.244435204844 0.422159701098 0.428085233142 0.341340527219 0.293259728827 0.35850091864 0.356087239202
IT-AD-2-RITA 0.37047885786 0.444565456325 0.46989370069 0.476331467256 0.383831364964 0.379439336121 0.317188134776 0.3388422666 0.413957699087 0.416920313039 0.535153830988 0.523387123235 0.500648831649 0.501303804797 0.484659020753 0.491862603332 0.377108455219 0.380589823735 0.365378417961 0.369859573256 0.37804831278 0.38058897206 0.452688168051 0.440155250384 0.387001730176 0.419028733105 0.383677567832 0.418633866414 0.448412580121 0.456235666598 0.42389978123 0.444733189441 0.411037298664 0.446749236102 0.396123223302 0.404692988349 0.0 0.177725279015 0.355863054719 0.374586711082 0.515574254141 0.512990011353 0.333279570457 0.358056901785 0.394539355497 0.395137177454 0.486115490888 0.497783898207 0.382573416623 0.424916045823 0.412572568422 0.403853498438 0.421752849151 0.428005532959 0.369238366995 0.374577566768 0.461743572001 0.456266138427 0.547353310586 0.579474409749 0.467671236197 0.467120198511 0.477045069463 0.487531391431
IT-AD-2-SMASH 0.365137838578 0.383673786697 0.512227036684 0.471474702526 0.430706812245 0.376451705195 0.362976987046 0.300849848347 0.447044891283 0.387815490946 0.567509604545 0.526183974158 0.537938302518 0.502472439398 0.525908984038 0.49610093364 0.427310552616 0.374045605805 0.408340284339 0.333384833846 0.4256389229 0.36757645503 0.493971312941 0.448756454867 0.421427197485 0.393164231239 0.410850299488 0.379854064274 0.481793399887 0.438021975104 0.45647039903 0.418108706447 0.447012998334 0.427974043024 0.437408127982 0.383930779572 0.177725279015 0.0 0.389605227691 0.340061191762 0.535349535979 0.500746075885 0.366902990516 0.311097063141 0.426022635981 0.360325843027 0.525152016139 0.493221340542 0.399023938071 0.36875389349 0.445752600404 0.372980115837 0.450522387452 0.398406035756 0.400468127266 0.330773232741 0.499776367086 0.445798505452 0.581655778065 0.579167954155 0.507193199195 0.457800302362 0.498726765304 0.469560149475
IT-AD-3-RITA 0.267234583491 0.384756116651 0.376673996249 0.428590370521 0.235004334289 0.287065116981 0.234566465081 0.328297583121 0.341893427492 0.381669948464 0.313762637301 0.32381321896 0.410106819634 0.442551280489 0.339199488994 0.379901912285 0.17655694719 0.266761505235 0.13212420644 0.23662511901 0.221541895069 0.289684321006 0.228453304412 0.25383719596 0.190163443822 0.294297604584 0.274142301784 0.366952245277 0.355664548571 0.392419164443 0.199303417543 0.320290453695 0.206266392372 0.298428510407 0.20529278543 0.274482752882 0.355863054719 0.389605227691 0.0 0.200476845159 0.461242051143 0.49010147947 0.232020986012 0.310607969244 0.303332389687 0.354429351482 0.252159532187 0.309813512674 0.283162153111 0.36015738033 0.353824575659 0.353710559345 0.188998944393 0.249990198379 0.197881432003 0.270973382635 0.209302071383 0.247047531709 0.347078894678 0.413356825704 0.211867379475 0.248846307372 0.263864462206 0.334678462224
IT-AD-3-SMASH 0.28428678647 0.302637015745 0.429249639717 0.385506889856 0.312333129505 0.260715131717 0.290467553449 0.277332858806 0.38887832552 0.337429592792 0.405409934937 0.335517773186 0.455012401684 0.421110018573 0.400216639013 0.355654731592 0.278305033042 0.205157197029 0.245810123573 0.143432271042 0.313581893157 0.257267869408 0.329953081335 0.251188833877 0.28731104012 0.215945631609 0.327685333021 0.291706032703 0.411205010425 0.351332564612 0.283823981127 0.238021995185 0.294369686267 0.231900947831 0.307766539038 0.24084842566 0.374586711082 0.340061191762 0.200476845159 0.0 0.479806426622 0.456141385075 0.296544066144 0.24566397302 0.342048056561 0.284798538838 0.365880422181 0.305456711382 0.342405806189 0.29032862563 0.398921942914 0.308970069678 0.296205937548 0.212507902358 0.286100787642 0.18886962064 0.326917374572 0.224876714353 0.439752361722 0.415579715502 0.335659639195 0.234638522591 0.331256409123 0.298904652811
IT-AD-4-RITA 0.455048623157 0.520013106413 0.251114259709 0.304102209173 0.47355412481 0.485448035676 0.414758652556 0.475386879626 0.284547719308 0.382768706904 0.543074848297 0.530230985608 0.211056683365 0.242910300027 0.270492166971 0.282601994868 0.476304142048 0.494329253143 0.412003881305 0.464577973466 0.449420596207 0.482187184342 0.502203945353 0.511324750802 0.448593417907 0.489795501765 0.315040430937 0.392742475786 0.248466759319 0.356851609622 0.473434703069 0.513994200468 0.450133659666 0.497977012089 0.487472836685 0.507350212073 0.515574254141 0.535349535979 0.461242051143 0.479806426622 0.0 0.18346606174 0.405129165392 0.451599544242 0.258909862953 0.360578569694 0.519680853081 0.54106290992 0.442906113901 0.498435778293 0.363596844906 0.46390692942 0.460179094603 0.489428052515 0.442163530416 0.452431434447 0.507396854353 0.514913782749 0.520931825121 0.579623048077 0.489143679459 0.498170565945 0.496577513161 0.52636181138
