AM-F10-T2-RITA 0.0 0.322544372317 0.211471893082 0.144982774177 0.204737032767 0.598461953361 0.399439038797 0.330249743179 0.215391352055 0.172810437022 0.198517433011 0.372438547732 0.169146199767 0.131799755286 0.229946156983 0.195602849094 0.188542851593 0.218652174132 0.250830630086 0.198008874457 0.455250144671 0.134728775125 0.197886168314 0.382160500426 0.136989009579 0.204471512492 0.26550828788 0.141228536904 0.422453573484 0.448997248468 0.382853407836 0.261158000068
DA-AD-1-RITA 0.322544372317 0.0 0.291413357083 0.261548417913 0.160478132422 0.59607996997 0.100241222192 0.14565814379 0.29285002089 0.275059214396 0.284478250495 0.397428418402 0.27706228859 0.202281122175 0.136642704267 0.290306197314 0.286825974382 0.308792262044 0.366388156561 0.302469612546 0.184159705192 0.265419232195 0.148797360832 0.419487448722 0.291250202849 0.213312427965 0.34809867326 0.289484153769 0.44810567983 0.459146204171 0.415366872545 0.336446190976
DA-AD-2-RITA 0.211471893082 0.291413357083 0.0 0.152462418353 0.222087394208 0.444287028786 0.370644154695 0.24128690346 0.0696309320314 0.0971183605865 0.0538489069161 0.2027691179 0.1064533893 0.188167738514 0.23551926689 0.0926064445704 0.0865000924182 0.0795572441827 0.293073330801 0.0916711912371 0.461812803162 0.112730801564 0.229189341484 0.245457807168 0.187345896239 0.2377531505 0.167690659096 0.0916518399248 0.269927810115 0.304124385363 0.233563590775 0.158769897866
DA-AD-3-RITA 0.144982774177 0.261548417913 0.152462418353 0.0 0.132896442912 0.582917786782 0.351514313172 0.281745680785 0.147462339758 0.138308127811 0.142998298801 0.342430311001 0.110200930932 0.113719399748 0.169566121308 0.147172454713 0.144143924013 0.191629770948 0.232062260682 0.164703593548 0.41910090135 0.0708662059991 0.156370758403 0.364609088038 0.0966662334734 0.165588165309 0.266636526929 0.125596566985 0.406541538402 0.429305334617 0.365363134499 0.239278476133
DA-AD-4-RITA 0.204737032767 0.160478132422 0.222087394208 0.132896442912 0.0 0.620098180667 0.247992585227 0.228530303347 0.22757500328 0.20099340709 0.209689717136 0.389720981633 0.177546357015 0.0990978092062 0.0694583979193 0.209112898782 0.203701880311 0.252223460074 0.271179798707 0.238524229752 0.305078820806 0.14553071041 0.0866911919736 0.408832357428 0.152764855841 0.136476097472 0.314888778588 0.193420145979 0.450811635111 0.461977892385 0.409795501357 0.283442341681
ES-AD-1-RITA 0.598461953361 0.59607996997 0.444287028786 0.582917786782 0.620098180667 0.0 0.621031562515 0.460672408456 0.455013238503 0.462485204634 0.460316944669 0.245152637091 0.508265094661 0.580629485203 0.609592568407 0.468011565615 0.472926711574 0.404476431929 0.659653082939 0.43291035537 0.725591954346 0.543590730878 0.599282203029 0.252050313966 0.60112101084 0.596852781289 0.350812601575 0.492763111843 0.180175818122 0.248546719812 0.226376441376 0.405699455607
ES-AD-2-RITA 0.399439038797 0.100241222192 0.370644154695 0.351514313172 0.247992585227 0.621031562515 0.0 0.171660770161 0.373762547039 0.350411734629 0.363978115802 0.447556530855 0.365627101737 0.286025283317 0.219613700049 0.370313565537 0.366863303503 0.381996227984 0.438508205998 0.377736043668 0.116922194837 0.3530302376 0.224724703608 0.464367816575 0.374765393008 0.278748409527 0.404679999627 0.371312205509 0.490270773032 0.497175068839 0.460910374287 0.399565320887
ES-AD-3-RITA 0.330249743179 0.14565814379 0.24128690346 0.281745680785 0.228530303347 0.460672408456 0.171660770161 0.0 0.248650333502 0.226208285708 0.240636113195 0.280124263941 0.260925393773 0.233110758647 0.206379236113 0.248005899545 0.246474890228 0.238271605815 0.390260431582 0.242596449232 0.278195926044 0.264424768219 0.200168318485 0.298584605355 0.309352424546 0.238063253535 0.250512155817 0.260453243326 0.32268111351 0.344123378124 0.291851765182 0.25895803772
ES-AD-4-RITA 0.215391352055 0.29285002089 0.0696309320314 0.147462339758 0.22757500328 0.455013238503 0.373762547039 0.248650333502 0.0 0.0881358011192 0.0807355515918 0.213846785339 0.109358120563 0.189985635937 0.237267105375 0.0834781475263 0.0953053290397 0.0991546989388 0.290786134803 0.0695190681259 0.464605455802 0.131313653201 0.228975218499 0.248825568145 0.186466733732 0.232906786812 0.171911338112 0.113714058857 0.280099095969 0.309756064392 0.244088060528 0.158122959374
FR-AD-1-RITA 0.172810437022 0.275059214396 0.0971183605865 0.138308127811 0.20099340709 0.462485204634 0.350411734629 0.226208285708 0.0881358011192 0.0 0.085282143111 0.227795648024 0.0941951968664 0.150638899842 0.209935393227 0.0747338109945 0.0844451854045 0.0926627301581 0.282101888945 0.052209947649 0.437495138859 0.11478645599 0.189070622375 0.236049001577 0.157718271393 0.184360478915 0.136740400784 0.0891268926619 0.286812168302 0.314811305246 0.243355810534 0.123320752294
FR-AD-2-RITA 0.198517433011 0.284478250495 0.0538489069161 0.142998298801 0.209689717136 0.460316944669 0.363978115802 0.240636113195 0.0807355515918 0.085282143111 0.0 0.219167558078 0.086980270474 0.167983743386 0.218552927916 0.0864701424783 0.0793043722837 0.0949429128938 0.285535415267 0.0944930972339 0.452733724061 0.105623679242 0.215018807367 0.250040033701 0.168611960699 0.215562688935 0.162705392052 0.0949050168254 0.286930504795 0.307405483552 0.246759325484 0.144006661521
FR-AD-3-RITA 0.372438547732 0.397428418402 0.2027691179 0.342430311001 0.389720981633 0.245152637091 0.447556530855 0.280124263941 0.213846785339 0.227795648024 0.219167558078 0.0 0.270905219267 0.351144807047 0.38543993212 0.228264077379 0.233404043026 0.17101558407 0.441884545073 0.198292768532 0.553133271635 0.304202685476 0.377131277305 0.108394497973 0.364964453101 0.376429139287 0.147827442999 0.259328740777 0.0785113165588 0.165682265533 0.0635424928578 0.191735030197
FR-AD-4-RITA 0.169146199767 0.27706228859 0.1064533893 0.110200930932 0.177546357015 0.508265094661 0.365627101737 0.260925393773 0.109358120563 0.0941951968664 0.086980270474 0.270905219267 0.0 0.134651963706 0.191746459281 0.0820658388675 0.0815562691815 0.126748221914 0.267714451914 0.11219395811 0.44744551409 0.0826309567153 0.193950885983 0.291392991285 0.126622104244 0.192730213453 0.198433307381 0.0878728506969 0.332791727513 0.3497639288 0.291456583422 0.166475029665
FR-AD-5-RITA 0.131799755286 0.202281122175 0.188167738514 0.113719399748 0.0990978092062 0.580629485203 0.286025283317 0.233110758647 0.189985635937 0.150638899842 0.167983743386 0.351144807047 0.134651963706 0.0 0.110337481792 0.172193332107 0.165210834939 0.203979086614 0.254181905727 0.186140521501 0.348712942071 0.111588975183 0.0963838667548 0.365797025363 0.12346041691 0.133271898248 0.256294487306 0.140052468866 0.406834255487 0.419085365287 0.365286345456 0.237981755243
FR-AD-6-RITA 0.229946156983 0.136642704267 0.23551926689 0.169566121308 0.0694583979193 0.609592568407 0.219613700049 0.206379236113 0.237267105375 0.209935393227 0.218552927916 0.38543993212 0.191746459281 0.110337481792 0.0 0.215868432203 0.206861252342 0.261614719866 0.294113350972 0.246614975421 0.276325820162 0.172731188823 0.090193488819 0.404552099132 0.177220647308 0.154325215604 0.314941132335 0.210092764399 0.44445620383 0.438566691482 0.40199897988 0.279126188295
FR-AD-7-RITA 0.195602849094 0.290306197314 0.0926064445704 0.147172454713 0.209112898782 0.468011565615 0.370313565537 0.248005899545 0.0834781475263 0.0747338109945 0.0864701424783 0.228264077379 0.0820658388675 0.172193332107 0.215868432203 0.0 0.046125018375 0.105612513996 0.290114401696 0.0838544864073 0.457825292151 0.115838777632 0.218079660369 0.252137162948 0.158648279577 0.216165806591 0.171168887276 0.0974542188813 0.292691330738 0.30529858924 0.250610515312 0.122572538442
FR-AD-8-RITA 0.188542851593 0.286825974382 0.0865000924182 0.144143924013 0.203701880311 0.472926711574 0.366863303503 0.246474890228 0.0953053290397 0.0844451854045 0.0793043722837 0.233404043026 0.0815562691815 0.165210834939 0.206861252342 0.046125018375 0.0 0.109624307404 0.286647767112 0.0970174341132 0.451567509734 0.10183229167 0.209791551517 0.2630018249 0.152647837255 0.218676233864 0.180381773466 0.0881432581699 0.298309049439 0.305589030095 0.253978554923 0.138850786057
IT-AD-1-RITA 0.218652174132 0.308792262044 0.0795572441827 0.191629770948 0.252223460074 0.404476431929 0.381996227984 0.238271605815 0.0991546989388 0.0926627301581 0.0949429128938 0.17101558407 0.126748221914 0.203979086614 0.261614719866 0.105612513996 0.109624307404 0.0 0.316630812386 0.0744389064528 0.476566403306 0.150836129149 0.24865994398 0.200536203563 0.21279283412 0.247282303672 0.113971859834 0.103669612898 0.22676952518 0.27396728212 0.188967112784 0.133935172419
IT-AD-2-RITA 0.250830630086 0.366388156561 0.293073330801 0.232062260682 0.271179798707 0.659653082939 0.438508205998 0.390260431582 0.290786134803 0.282101888945 0.285535415267 0.441884545073 0.267714451914 0.254181905727 0.294113350972 0.290114401696 0.286647767112 0.316630812386 0.0 0.293533959542 0.488125550629 0.242892876723 0.281713881601 0.459178860494 0.243593109325 0.276113036825 0.368909334449 0.267726928548 0.496130203069 0.51589421787 0.460494205799 0.351942807489
IT-AD-3-RITA 0.198008874457 0.302469612546 0.0916711912371 0.164703593548 0.238524229752 0.43291035537 0.377736043668 0.242596449232 0.0695190681259 0.052209947649 0.0944930972339 0.198292768532 0.11219395811 0.186140521501 0.246614975421 0.0838544864073 0.0970174341132 0.0744389064528 0.293533959542 0.0 0.468056742686 0.141029041216 0.225221868218 0.214787866177 0.190494876278 0.222359838746 0.120689861024 0.105271764557 0.256136627819 0.294924546004 0.215194252607 0.125013918018
IT-AD-4-RITA 0.455250144671 0.184159705192 0.461812803162 0.41910090135 0.305078820806 0.725591954346 0.116922194837 0.278195926044 0.464605455802 0.437495138859 0.452733724061 0.553133271635 0.44744551409 0.348712942071 0.276325820162 0.457825292151 0.451567509734 0.476566403306 0.488125550629 0.468056742686 0.0 0.425698154529 0.280486724264 0.567989723484 0.437899905899 0.342010909227 0.501029781086 0.451569175667 0.595579043534 0.597973716077 0.5642890243 0.49280487283
IT-AD-5-RITA 0.134728775125 0.265419232195 0.112730801564 0.0708662059991 0.14553071041 0.543590730878 0.3530302376 0.264424768219 0.131313653201 0.11478645599 0.105623679242 0.304202685476 0.0826309567153 0.111588975183 0.172731188823 0.115838777632 0.10183229167 0.150836129149 0.242892876723 0.141029041216 0.425698154529 0.0 0.166233614055 0.331340917492 0.0996665400531 0.182685064955 0.232164957004 0.0750604781631 0.367175661391 0.387936720432 0.325890024128 0.206584393654
IT-AD-6-RITA 0.197886168314 0.148797360832 0.229189341484 0.156370758403 0.0866911919736 0.599282203029 0.224724703608 0.200168318485 0.228975218499 0.189070622375 0.215018807367 0.377131277305 0.193950885983 0.0963838667548 0.090193488819 0.218079660369 0.209791551517 0.24865994398 0.281713881601 0.225221868218 0.280486724264 0.166233614055 0.0 0.389054941206 0.178982529673 0.118059661223 0.291629343246 0.200569638559 0.433083155427 0.451195000135 0.391116695506 0.276534809914
JP-AD-1-RITA 0.382160500426 0.419487448722 0.245457807168 0.364609088038 0.408832357428 0.252050313966 0.464367816575 0.298584605355 0.248825568145 0.236049001577 0.250040033701 0.108394497973 0.291392991285 0.365797025363 0.404552099132 0.252137162948 0.2630018249 0.200536203563 0.459178860494 0.214787866177 0.567989723484 0.331340917492 0.389054941206 0.0 0.375074888323 0.371176435293 0.129678799813 0.283519352239 0.116239810227 0.191624026523 0.0969924493648 0.181447934753
JP-AD-2-RITA 0.136989009579 0.291250202849 0.187345896239 0.0966662334734 0.152764855841 0.60112101084 0.374765393008 0.309352424546 0.186466733732 0.157718271393 0.168611960699 0.364964453101 0.126622104244 0.12346041691 0.177220647308 0.158648279577 0.152647837255 0.21279283412 0.243593109325 0.190494876278 0.437899905899 0.0996665400531 0.178982529673 0.375074888323 0.0 0.157561963484 0.275404369545 0.135125409959 0.425700022363 0.428523559055 0.381670235075 0.232391916014
JP-AD-3-RITA 0.204471512492 0.213312427965 0.2377531505 0.165588165309 0.136476097472 0.596852781289 0.278748409527 0.238063253535 0.232906786812 0.184360478915 0.215562688935 0.376429139287 0.192730213453 0.133271898248 0.154325215604 0.216165806591 0.218676233864 0.247282303672 0.276113036825 0.222359838746 0.342010909227 0.182685064955 0.118059661223 0.371176435293 0.157561963484 0.0 0.276015771155 0.209947467775 0.431835725183 0.453038001906 0.389991329884 0.256216470911
JP-AD-4-RITA 0.26550828788 0.34809867326 0.167690659096 0.266636526929 0.314888778588 0.350812601575 0.404679999627 0.250512155817 0.171911338112 0.136740400784 0.162705392052 0.147827442999 0.198433307381 0.256294487306 0.314941132335 0.171168887276 0.180381773466 0.113971859834 0.368909334449 0.120689861024 0.501029781086 0.232164957004 0.291629343246 0.129678799813 0.275404369545 0.276015771155 0.0 0.182523030475 0.183911505415 0.238715801388 0.145971415297 0.118408722875
JP-AD-5-RITA 0.141228536904 0.289484153769 0.0916518399248 0.125596566985 0.193420145979 0.492763111843 0.371312205509 0.260453243326 0.113714058857 0.0891268926619 0.0949050168254 0.259328740777 0.0878728506969 0.140052468866 0.210092764399 0.0974542188813 0.0881432581699 0.103669612898 0.267726928548 0.105271764557 0.451569175667 0.0750604781631 0.200569638559 0.283519352239 0.135125409959 0.209947467775 0.182523030475 0.0 0.314864980393 0.339687726924 0.274772080719 0.168643203784
JP-AD-6-RITA 0.422453573484 0.44810567983 0.269927810115 0.406541538402 0.450811635111 0.180175818122 0.490270773032 0.32268111351 0.280099095969 0.286812168302 0.286930504795 0.0785113165588 0.332791727513 0.406834255487 0.44445620383 0.292691330738 0.298309049439 0.22676952518 0.496130203069 0.256136627819 0.595579043534 0.367175661391 0.433083155427 0.116239810227 0.425700022363 0.431835725183 0.183911505415 0.314864980393 0.0 0.161183721379 0.0603448819799 0.242755280368
JP-AD-7-RITA 0.448997248468 0.459146204171 0.304124385363 0.429305334617 0.461977892385 0.248546719812 0.497175068839 0.344123378124 0.309756064392 0.314811305246 0.307405483552 0.165682265533 0.3497639288 0.419085365287 0.438566691482 0.30529858924 0.305589030095 0.27396728212 0.51589421787 0.294924546004 0.597973716077 0.387936720432 0.451195000135 0.191624026523 0.428523559055 0.453038001906 0.238715801388 0.339687726924 0.161183721379 0.0 0.14936400549 0.243440805576
JP-AD-8-RITA 0.382853407836 0.415366872545 0.233563590775 0.365363134499 0.409795501357 0.226376441376 0.460910374287 0.291851765182 0.244088060528 0.243355810534 0.246759325484 0.0635424928578 0.291456583422 0.365286345456 0.40199897988 0.250610515312 0.253978554923 0.188967112784 0.460494205799 0.215194252607 0.5642890243 0.325890024128 0.391116695506 0.0969924493648 0.381670235075 0.389991329884 0.145971415297 0.274772080719 0.0603448819799 0.14936400549 0.0 0.199306819046
JP-AD-9-RITA 0.261158000068 0.336446190976 0.158769897866 0.239278476133 0.283442341681 0.405699455607 0.399565320887 0.25895803772 0.158122959374 0.123320752294 0.144006661521 0.191735030197 0.166475029665 0.237981755243 0.279126188295 0.122572538442 0.138850786057 0.133935172419 0.351942807489 0.125013918018 0.49280487283 0.206584393654 0.276534809914 0.181447934753 0.232391916014 0.256216470911 0.118408722875 0.168643203784 0.242755280368 0.243440805576 0.199306819046 0.0
