30
Canada (Quebec)	0	2.2	12	3.8	4.95556	3.18	6.16	5.84	13.3765	12.8154	14	14	13.1429	13.5742	4.06	6.14286	3.73171	13.6	3.51429	4.18571	4.28727	3.81343	6.36	14	12.9767	4.83077	5.31111	2.2	4.74	2.2
Canada (Toronto)	2.2	0	12	4	4.88889	1.2	6.6	6	12.8824	12.3077	14	14	13.1429	13.1613	4.2	6.28571	3.12195	13.6	4.14286	4.7619	4.61818	4.02985	6.5	14	13.9387	5.23077	5.33333	0	3.4	0
Chile	12	12	0	12	11.5556	11.2	11.2	11.2	8.08824	9.38462	8	8	10	8.25806	12	9.14286	11.9512	6.8	12	12	11.9273	11.9104	10.8	8.14286	9.91411	11.8462	12.4444	12	10.4	12
Czech Republic	3.8	4	12	0	2.66667	4.8	5.4	2.8	13.8824	14	14	14	13.2857	14	0.8	3.42857	1.90244	13.6	2.42857	2.61905	1.70909	1.64179	4.5	14	12.3313	4.46154	3.66667	4	5.6	4
Denmark	4.95556	4.88889	11.5556	2.66667	0	5.57778	6.28889	4.62222	12.415	12.6154	12.463	12.5185	12.5397	12.5018	3.2	5.20635	3.8374	12.3333	4.26984	4.46032	3.77778	3.72471	5.8	12.4603	11.6142	5.53846	5.22222	4.88889	6.24444	4.88889
England	3.18	1.2	11.2	4.8	5.57778	0	7.1	6.56	12.6029	12.2154	13.6	13.6	12.9286	12.8645	4.98	6.68571	4.00976	13.16	4.92857	5.48571	5.35273	4.8209	6.92	13.6143	13.7153	5.90769	6.04444	1.2	4.16	1.2
France	6.16	6.6	11.2	5.4	6.28889	7.1	0	6.56	11.4353	11.5692	11.2333	11.3333	11.9286	11.4645	5.6	7.05714	6.10244	11.32	5.62857	5.84762	5.62909	5.6791	7.09	11.2286	10.5583	6.2	6.53333	6.6	7.36	6.6
Germany	5.84	6	11.2	2.8	4.62222	6.56	6.56	0	11.4529	12.1538	11.2333	11.3333	11.9429	11.4839	3.44	5.2	4.25366	11.32	4.74286	4.89524	4.11636	4.08358	5.98	11.2286	11.0331	6.24615	5.73333	6	6.92	6
Ghana	13.3765	12.8824	8.08824	13.8824	12.415	12.6029	11.4353	11.4529	0	4.4457	1.84804	2.36765	7.25	2.02846	13.8882	12.2269	13.2446	3.41176	13.8782	13.8739	13.6497	13.6769	11.9485	1.87185	5.90401	13.1697	13.6993	12.8824	11.4471	12.8824
India	12.8154	12.3077	9.38462	14	12.6154	12.2154	11.5692	12.1538	4.4457	0	4.87179	5.21795	8.65934	4.56079	13.8462	12.6813	13.212	6.06154	13.5824	13.5458	13.4909	13.558	12.2077	4.81319	6.11987	12.497	13.2906	12.3077	11.3385	12.3077
Israel	14	14	8	14	12.463	13.6	11.2333	11.2333	1.84804	4.87179	0	0.819444	6.65476	1.58065	14	12.2857	13.6626	2.23333	14	14	13.7485	13.852	11.925	0.309524	5.85378	13.3846	14	14	12.2167	14
Kenya	14	14	8	14	12.5185	13.6	11.3333	11.3333	2.36765	5.21795	0.819444	0	6.89286	2.08065	14	12.2857	13.6748	2.68333	14	14	13.7576	13.8557	11.975	0.809524	6.33333	13.4231	14	14	12.2667	14
Mozambique	13.1429	13.1429	10	13.2857	12.5397	12.9286	11.9286	11.9429	7.25	8.65934	6.65476	6.89286	0	7.16129	13.3286	12.5102	13.0383	7.52857	13.1531	13.2449	13.1766	13.1599	12.2714	6.63265	8.80894	12.9121	13.373	13.1429	12.2857	13.1429
Niger	13.5742	13.1613	8.25806	14	12.5018	12.8645	11.4645	11.4839	2.02846	4.56079	1.58065	2.08065	7.16129	0	13.9935	12.3594	13.4068	3.35484	13.9954	13.9877	13.7584	13.8021	12.0194	1.553	6.06452	13.3052	13.8351	13.1613	11.671	13.1613
Norway	4.06	4.2	12	0.8	3.2	4.98	5.6	3.44	13.8882	13.8462	14	14	13.3286	13.9935	0	4	2.47317	13.6	2.94286	3.08095	2.23273	2.22985	4.88	14	12.3337	4.63077	3.93333	4.2	5.76	4.2
Poland	6.14286	6.28571	9.14286	3.42857	5.20635	6.68571	7.05714	5.2	12.2269	12.6813	12.2857	12.2857	12.5102	12.3594	4	0	4.78746	11.7714	5.16327	5.29932	4.62857	4.57996	6.35714	12.3265	11.6547	6.57143	6.1746	6.28571	7.02857	6.28571
Scotland	3.73171	3.12195	11.9512	1.90244	3.8374	4.00976	6.10244	4.25366	13.2446	13.212	13.6626	13.6748	13.0383	13.4068	2.47317	4.78746	0	13.3317	3.5122	3.82695	3.18049	2.95595	5.50732	13.662	12.6458	5.11069	4.63144	3.12195	5.19512	3.12195
South Africa	13.6	13.6	6.8	13.6	12.3333	13.16	11.32	11.32	3.41176	6.06154	2.23333	2.68333	7.52857	3.35484	13.6	11.7714	13.3317	0	13.6	13.6	13.3927	13.4672	11.81	2.34286	6.70307	13.0769	13.6889	13.6	11.94	13.6
Spain	3.51429	4.14286	12	2.42857	4.26984	4.92857	5.62857	4.74286	13.8782	13.5824	14	14	13.1531	13.9954	2.94286	5.16327	3.5122	13.6	0	3.19048	3.27013	2.88593	5.71429	14	12.2182	4.45055	4.9127	4.14286	5.88571	4.14286
Spain (B&S&M)	4.18571	4.7619	12	2.61905	4.46032	5.48571	5.84762	4.89524	13.8739	13.5458	14	14	13.2449	13.9877	3.08095	5.29932	3.82695	13.6	3.19048	0	3.41991	3.26048	5.80952	14	12.0678	4.73993	4.88624	4.7619	6.24762	4.7619
Spain (Barcelona)	4.28727	4.61818	11.9273	1.70909	3.77778	5.35273	5.62909	4.11636	13.6497	13.4909	13.7485	13.7576	13.1766	13.7584	2.23273	4.62857	3.18049	13.3927	3.27013	3.41991	0	2.80597	5.23636	13.7481	11.8967	4.61818	4.23838	4.61818	6.01091	4.61818
Spain (Gipuzkoa)	3.81343	4.02985	11.9104	1.64179	3.72471	4.8209	5.6791	4.08358	13.6769	13.558	13.852	13.8557	13.1599	13.8021	2.22985	4.57996	2.95595	13.4672	2.88593	3.26048	2.80597	0	5.29552	13.8529	12.2547	4.62916	4.44279	4.02985	5.71493	4.02985
Sweden	6.36	6.5	10.8	4.5	5.8	6.92	7.09	5.98	11.9485	12.2077	11.925	11.975	12.2714	12.0194	4.88	6.35714	5.50732	11.81	5.71429	5.80952	5.23636	5.29552	0	11.9286	11.2718	6.52308	6.4	6.5	7.31	6.5
Thailand	14	14	8.14286	14	12.4603	13.6143	11.2286	11.2286	1.87185	4.81319	0.309524	0.809524	6.63265	1.553	14	12.3265	13.662	2.34286	14	14	13.7481	13.8529	11.9286	0	5.85977	13.3846	14	14	12.2286	14
The Gambia	12.9767	13.9387	9.91411	12.3313	11.6142	13.7153	10.5583	11.0331	5.90401	6.11987	5.85378	6.33333	8.80894	6.06452	12.3337	11.6547	12.6458	6.70307	12.2182	12.0678	11.8967	12.2547	11.2718	5.85977	0	11.0373	12.075	13.9387	12.2601	13.9387
The Netherlands	4.83077	5.23077	11.8462	4.46154	5.53846	5.90769	6.2	6.24615	13.1697	12.497	13.3846	13.4231	12.9121	13.3052	4.63077	6.57143	5.11069	13.0769	4.45055	4.73993	4.61818	4.62916	6.52308	13.3846	11.0373	0	5.51282	5.23077	6.52308	5.23077
USA (Utah-PostPCV)	5.31111	5.33333	12.4444	3.66667	5.22222	6.04444	6.53333	5.73333	13.6993	13.2906	14	14	13.373	13.8351	3.93333	6.1746	4.63144	13.6889	4.9127	4.88624	4.23838	4.44279	6.4	14	12.075	5.51282	0	5.33333	6.65556	5.33333
USA (Utah-PrePCV)	2.2	0	12	4	4.88889	1.2	6.6	6	12.8824	12.3077	14	14	13.1429	13.1613	4.2	6.28571	3.12195	13.6	4.14286	4.7619	4.61818	4.02985	6.5	14	13.9387	5.23077	5.33333	0	3.4	0
United States	4.74	3.4	10.4	5.6	6.24444	4.16	7.36	6.92	11.4471	11.3385	12.2167	12.2667	12.2857	11.671	5.76	7.02857	5.19512	11.94	5.88571	6.24762	6.01091	5.71493	7.31	12.2286	12.2601	6.52308	6.65556	3.4	0	3.4
United States (Navajo Indians)	2.2	0	12	4	4.88889	1.2	6.6	6	12.8824	12.3077	14	14	13.1429	13.1613	4.2	6.28571	3.12195	13.6	4.14286	4.7619	4.61818	4.02985	6.5	14	13.9387	5.23077	5.33333	0	3.4	0
