30
Canada (Quebec)	0	0.00165087	0.00912713	0.00236904	0.00228409	0.00187917	0.00233977	0.00268605	0.00793445	0.00836337	0.00815739	0.00845705	0.00906994	0.00802436	0.00207949	0.00319091	0.00197204	0.0082095	0.00129887	0.00125149	0.00185413	0.00126507	0.00293149	0.00823452	0.00860969	0.00146842	0.00237435	0.00165087	0.00166785	0.00165087
Canada (Toronto)	0.00165087	0	0.00986623	0.00140248	0.00221963	0.000919231	0.00386218	0.00289944	0.00867355	0.00910247	0.00889649	0.00919615	0.00980904	0.00876347	0.00157502	0.00391001	0.0011781	0.0089486	0.00285065	0.00284673	0.00207134	0.00203564	0.00395961	0.00897362	0.00934879	0.00303035	0.00240724	0	0.00224238	0
Chile	0.00912713	0.00986623	0	0.0102592	0.00968257	0.00926259	0.00871297	0.009276	0.00512953	0.00555845	0.00535247	0.00565213	0.00672661	0.00528791	0.0103164	0.0074173	0.0100237	0.00455781	0.00867512	0.00915757	0.00998879	0.00955683	0.00930375	0.0054296	0.0058488	0.00920598	0.0106082	0.00986623	0.00847717	0.00986623
Czech Republic	0.00236904	0.00140248	0.0102592	0	0.0015278	0.00222076	0.00371649	0.00185605	0.0090665	0.00949542	0.00928944	0.0095891	0.010202	0.00915641	0.000352078	0.00302051	0.000821568	0.00934155	0.00247413	0.00242746	0.00119117	0.00129637	0.00336507	0.00936657	0.00974174	0.00308663	0.00226576	0.00140248	0.00306151	0.00140248
Denmark	0.00228409	0.00221963	0.00968257	0.0015278	0	0.00179784	0.00252329	0.00105952	0.00800496	0.0086233	0.0082279	0.00852757	0.00914045	0.00809488	0.00146657	0.0025294	0.00120108	0.00828002	0.0025352	0.00237056	0.00112556	0.00113391	0.00199911	0.00830504	0.00868081	0.00214465	0.00250354	0.00221963	0.00198827	0.00221963
England	0.00187917	0.000919231	0.00926259	0.00222076	0.00179784	0	0.00344038	0.00247765	0.00825175	0.00868068	0.0084747	0.00877436	0.00932858	0.00834167	0.00227803	0.00330637	0.00166519	0.00834497	0.00307895	0.00300408	0.00217042	0.00215334	0.00304037	0.00855183	0.00891097	0.00275858	0.00291869	0.000919231	0.00163875	0.000919231
France	0.00233977	0.00386218	0.00871297	0.00371649	0.00252329	0.00344038	0	0.00186045	0.00664742	0.0074173	0.00687037	0.00717003	0.00778291	0.00673734	0.00342694	0.00323818	0.00337458	0.00692248	0.00210248	0.00188139	0.00260302	0.0025432	0.0022417	0.0069475	0.00748362	0.00149238	0.0033013	0.00386218	0.00231301	0.00386218
Germany	0.00268605	0.00289944	0.009276	0.00185605	0.00105952	0.00247765	0.00186045	0	0.00721045	0.00798033	0.00743339	0.00773305	0.00834594	0.00730037	0.00191332	0.00203733	0.00188089	0.0074855	0.00279113	0.00267351	0.00177432	0.00148378	0.00182096	0.00751052	0.00804664	0.00274769	0.00334063	0.00289944	0.00181237	0.00289944
Ghana	0.00793445	0.00867355	0.00512953	0.0090665	0.00800496	0.00825175	0.00664742	0.00721045	0	0.00168518	0.000909755	0.00130153	0.00365058	0.000744492	0.00912377	0.00803096	0.00872458	0.00142476	0.00748243	0.00796489	0.00871676	0.00835554	0.00770148	0.00107483	0.00232952	0.00778837	0.00941553	0.00867355	0.00758975	0.00867355
India	0.00836337	0.00910247	0.00555845	0.00949542	0.0086233	0.00868068	0.0074173	0.00798033	0.00168518	0	0.00222144	0.0025211	0.00459649	0.00198955	0.00955269	0.00845988	0.00919508	0.00267881	0.00791136	0.00839381	0.00917667	0.00879719	0.0082924	0.00229857	0.00270993	0.00822359	0.00984445	0.00910247	0.00801868	0.00910247
Israel	0.00815739	0.00889649	0.00535247	0.00928944	0.0082279	0.0084747	0.00687037	0.00743339	0.000909755	0.00222144	0	0.000434201	0.00353813	0.000810458	0.00934671	0.00825391	0.00894752	0.00111665	0.00770538	0.00818783	0.0089397	0.00857849	0.00795493	0.000169245	0.00263583	0.00808037	0.00963848	0.00889649	0.0078737	0.00889649
Kenya	0.00845705	0.00919615	0.00565213	0.0095891	0.00852757	0.00877436	0.00717003	0.00773305	0.00130153	0.0025211	0.000434201	0	0.00383779	0.00111012	0.00964637	0.00855357	0.00924718	0.00150842	0.00800504	0.00848749	0.00923936	0.00887815	0.00823133	0.00047811	0.00296882	0.00838004	0.00993814	0.00919615	0.00817336	0.00919615
Mozambique	0.00906994	0.00980904	0.00672661	0.010202	0.00914045	0.00932858	0.00778291	0.00834594	0.00365058	0.00459649	0.00353813	0.00383779	0	0.00327934	0.0102593	0.00910779	0.00986007	0.00353158	0.00861793	0.00910038	0.00985225	0.00948491	0.00880881	0.00361526	0.00476263	0.00899292	0.010551	0.00980904	0.00872758	0.00980904
Niger	0.00802436	0.00876347	0.00528791	0.00915641	0.00809488	0.00834167	0.00673734	0.00730037	0.000744492	0.00198955	0.000810458	0.00111012	0.00327934	0	0.00921368	0.00812088	0.00881449	0.00135056	0.00757235	0.0080548	0.00880667	0.00844546	0.0077914	0.000848689	0.00252017	0.00794735	0.00950545	0.00876347	0.00767967	0.00876347
Norway	0.00207949	0.00157502	0.0103164	0.000352078	0.00146657	0.00227803	0.00342694	0.00191332	0.00912377	0.00955269	0.00934671	0.00964637	0.0102593	0.00921368	0	0.00307778	0.000937255	0.00939882	0.00228367	0.0021379	0.000901612	0.00113097	0.00307551	0.00942384	0.00979901	0.00279707	0.0019762	0.00157502	0.00277195	0.00157502
Poland	0.00319091	0.00391001	0.0074173	0.00302051	0.0025294	0.00330637	0.00323818	0.00203733	0.00803096	0.00845988	0.00825391	0.00855357	0.00910779	0.00812088	0.00307778	0	0.0029979	0.00745924	0.003296	0.00317838	0.00276543	0.00240812	0.00254941	0.00833104	0.00869505	0.00340842	0.0042524	0.00391001	0.00235787	0.00391001
Scotland	0.00197204	0.0011781	0.0100237	0.000821568	0.00120108	0.00166519	0.00337458	0.00188089	0.00872458	0.00919508	0.00894752	0.00924718	0.00986007	0.00881449	0.000937255	0.0029979	0	0.00899963	0.00239722	0.0022796	0.00110175	0.0011525	0.00302315	0.00902465	0.00939982	0.00272408	0.00210836	0.0011781	0.00244107	0.0011781
South Africa	0.0082095	0.0089486	0.00455781	0.00934155	0.00828002	0.00834497	0.00692248	0.0074855	0.00142476	0.00267881	0.00111665	0.00150842	0.00353158	0.00135056	0.00939882	0.00745924	0.00899963	0	0.00775749	0.00823994	0.00899181	0.00860663	0.0078252	0.00128589	0.00297016	0.00813249	0.00969059	0.0089486	0.00750242	0.0089486
Spain	0.00129887	0.00285065	0.00867512	0.00247413	0.0025352	0.00307895	0.00210248	0.00279113	0.00748243	0.00791136	0.00770538	0.00800504	0.00861793	0.00757235	0.00228367	0.003296	0.00239722	0.00775749	0	0.000859272	0.00205831	0.00143422	0.00307804	0.00778251	0.00815768	0.00187128	0.00269831	0.00285065	0.00296672	0.00285065
Spain (B&S&M)	0.00125149	0.00284673	0.00915757	0.00242746	0.00237056	0.00300408	0.00188139	0.00267351	0.00796489	0.00839381	0.00818783	0.00848749	0.00910038	0.0080548	0.0021379	0.00317838	0.0022796	0.00823994	0.000859272	0	0.00161526	0.00133928	0.00281054	0.00826496	0.00864013	0.00158642	0.00248593	0.00284673	0.00279275	0.00284673
Spain (Barcelona)	0.00185413	0.00207134	0.00998879	0.00119117	0.00112556	0.00217042	0.00260302	0.00177432	0.00871676	0.00917667	0.0089397	0.00923936	0.00985225	0.00880667	0.000901612	0.00276543	0.00110175	0.00899181	0.00205831	0.00161526	0	0.000793068	0.00255	0.00901683	0.009392	0.00201567	0.00182407	0.00207134	0.00239594	0.00207134
Spain (Gipuzkoa)	0.00126507	0.00203564	0.00955683	0.00129637	0.00113391	0.00215334	0.0025432	0.00148378	0.00835554	0.00879719	0.00857849	0.00887815	0.00948491	0.00844546	0.00113097	0.00240812	0.0011525	0.00860663	0.00143422	0.00133928	0.000793068	0	0.002388	0.00865562	0.00901963	0.00184063	0.00216642	0.00203564	0.00206346	0.00203564
Sweden	0.00293149	0.00395961	0.00930375	0.00336507	0.00199911	0.00304037	0.0022417	0.00182096	0.00770148	0.0082924	0.00795493	0.00823133	0.00880881	0.0077914	0.00307551	0.00254941	0.00302315	0.0078252	0.00307804	0.00281054	0.00255	0.002388	0	0.00803206	0.00839092	0.00261682	0.0036473	0.00395961	0.0021981	0.00395961
Thailand	0.00823452	0.00897362	0.0054296	0.00936657	0.00830504	0.00855183	0.0069475	0.00751052	0.00107483	0.00229857	0.000169245	0.00047811	0.00361526	0.000848689	0.00942384	0.00833104	0.00902465	0.00128589	0.00778251	0.00826496	0.00901683	0.00865562	0.00803206	0	0.00274629	0.00815751	0.00971561	0.00897362	0.00795083	0.00897362
The Gambia	0.00860969	0.00934879	0.0058488	0.00974174	0.00868081	0.00891097	0.00748362	0.00804664	0.00232952	0.00270993	0.00263583	0.00296882	0.00476263	0.00252017	0.00979901	0.00869505	0.00939982	0.00297016	0.00815768	0.00864013	0.009392	0.00901963	0.00839092	0.00274629	0	0.00831989	0.0100908	0.00934879	0.00831282	0.00934879
The Netherlands	0.00146842	0.00303035	0.00920598	0.00308663	0.00214465	0.00275858	0.00149238	0.00274769	0.00778837	0.00822359	0.00808037	0.00838004	0.00899292	0.00794735	0.00279707	0.00340842	0.00272408	0.00813249	0.00187128	0.00158642	0.00201567	0.00184063	0.00261682	0.00815751	0.00831989	0	0.00252805	0.00303035	0.00239139	0.00303035
USA (Utah-PostPCV)	0.00237435	0.00240724	0.0106082	0.00226576	0.00250354	0.00291869	0.0033013	0.00334063	0.00941553	0.00984445	0.00963848	0.00993814	0.010551	0.00950545	0.0019762	0.0042524	0.00210836	0.00969059	0.00269831	0.00248593	0.00182407	0.00216642	0.0036473	0.00971561	0.0100908	0.00252805	0	0.00240724	0.00318208	0.00240724
USA (Utah-PrePCV)	0.00165087	0	0.00986623	0.00140248	0.00221963	0.000919231	0.00386218	0.00289944	0.00867355	0.00910247	0.00889649	0.00919615	0.00980904	0.00876347	0.00157502	0.00391001	0.0011781	0.0089486	0.00285065	0.00284673	0.00207134	0.00203564	0.00395961	0.00897362	0.00934879	0.00303035	0.00240724	0	0.00224238	0
United States	0.00166785	0.00224238	0.00847717	0.00306151	0.00198827	0.00163875	0.00231301	0.00181237	0.00758975	0.00801868	0.0078737	0.00817336	0.00872758	0.00767967	0.00277195	0.00235787	0.00244107	0.00750242	0.00296672	0.00279275	0.00239594	0.00206346	0.0021981	0.00795083	0.00831282	0.00239139	0.00318208	0.00224238	0	0.00224238
United States (Navajo Indians)	0.00165087	0	0.00986623	0.00140248	0.00221963	0.000919231	0.00386218	0.00289944	0.00867355	0.00910247	0.00889649	0.00919615	0.00980904	0.00876347	0.00157502	0.00391001	0.0011781	0.0089486	0.00285065	0.00284673	0.00207134	0.00203564	0.00395961	0.00897362	0.00934879	0.00303035	0.00240724	0	0.00224238	0
