30
Canada (Quebec)	0	1.30479	6.72385	1.87521	1.90983	1.64354	2.26071	2.38059	6.18775	7.34791	5.79769	6.05491	6.21178	6.13449	1.52401	2.99105	1.44533	5.96687	1.04244	1.16152	1.56389	1.11118	2.84882	5.86724	7.57155	1.94004	1.91781	1.30479	1.5524	1.30479
Canada (Toronto)	1.30479	0	6.78796	1.51907	2.11332	0.764712	3.32144	2.38857	6.25186	7.41202	5.8618	6.11902	6.27589	6.1986	1.7985	3.08421	1.22989	6.03098	2.19545	2.37333	2.15813	1.87215	3.42139	5.93135	7.63566	3.07586	2.48851	0	1.8644	0
Chile	6.72385	6.78796	0	6.69493	6.3507	6.4156	6.02211	6.08226	4.01684	5.17701	3.62678	3.884	5.06498	3.99933	6.70959	5.06781	6.66003	3.16711	6.68537	6.68643	6.60053	6.6353	5.98023	3.69633	5.50305	6.55805	6.7222	6.78796	5.80529	6.78796
Czech Republic	1.87521	1.51907	6.69493	0	1.24872	2.12257	2.80059	1.15471	6.15883	7.31899	5.76877	6.02598	6.18286	6.10557	0.486613	1.97258	0.838579	5.93795	1.49126	1.66914	1.05391	0.928214	2.54404	5.83832	7.54263	2.77775	2.0777	1.51907	2.59603	1.51907
Denmark	1.90983	2.11332	6.3507	1.24872	0	1.97574	1.96252	0.758319	5.51346	6.7123	5.1234	5.38062	5.53749	5.4602	1.08996	1.69625	1.10985	5.29258	1.8018	1.71396	0.977529	0.984573	1.56257	5.19295	6.92312	1.86642	1.8909	2.11332	1.67587	2.11332
England	1.64354	0.764712	6.4156	2.12257	1.97574	0	3.18385	2.25099	6.11428	7.27444	5.72421	5.98143	6.13831	6.06102	2.13724	2.71185	1.57651	5.65862	2.58144	2.71207	2.41027	2.1417	2.69268	5.79376	7.49807	3.0482	2.82725	0.764712	1.49204	0.764712
France	2.26071	3.32144	6.02211	2.80059	1.96252	3.18385	0	1.64588	4.94397	6.17374	4.55391	4.81112	4.968	4.89071	2.44939	2.65662	2.69958	4.72309	2.04156	1.69564	1.79206	2.04149	1.65811	4.62346	6.38456	1.12822	2.23458	3.32144	2.06223	3.32144
Germany	2.38059	2.38857	6.08226	1.15471	0.758319	2.25099	1.64588	0	5.00412	6.23389	4.61406	4.87127	5.02815	4.95086	1.16938	1.35991	1.3851	4.78324	2.04389	2.02487	1.25801	1.35955	1.56994	4.68361	6.44471	2.56962	2.41768	2.38857	1.75999	2.38857
Ghana	6.18775	6.25186	4.01684	6.15883	5.51346	6.11428	4.94397	5.00412	0	2.08693	0.779073	1.13336	3.26134	0.590221	6.17349	5.60657	6.05782	1.43783	6.14927	6.15033	6.01515	6.09435	5.24253	0.905771	2.71443	5.75138	6.1861	6.25186	5.35122	6.25186
India	7.34791	7.41202	5.17701	7.31899	6.7123	7.27444	6.17374	6.23389	2.08693	0	2.00911	2.03993	4.45535	2.01027	7.33366	6.76674	7.22647	2.81278	7.30943	7.31049	7.18164	7.25711	6.35456	1.95613	3.01174	6.84651	7.34626	7.41202	6.51138	7.41202
Israel	5.79769	5.8618	3.62678	5.76877	5.1234	5.72421	4.55391	4.61406	0.779073	2.00911	0	0.460667	2.81818	0.733216	5.78343	5.21651	5.66776	0.988485	5.75921	5.76027	5.62509	5.70429	4.92742	0.166617	2.34076	5.45018	5.79604	5.8618	5.11106	5.8618
Kenya	6.05491	6.11902	3.884	6.02598	5.38062	5.98143	4.81112	4.87127	1.13336	2.03993	0.460667	0	3.07539	0.964892	6.04065	5.47373	5.92498	1.34277	6.01642	6.01748	5.88231	5.96151	5.14769	0.488547	2.64662	5.7074	6.05325	6.11902	5.36827	6.11902
Mozambique	6.21178	6.27589	5.06498	6.18286	5.53749	6.13831	4.968	5.02815	3.26134	4.45535	2.81818	3.07539	0	3.13194	6.19753	5.63061	6.08185	2.98736	6.1733	6.17436	6.03919	6.11838	5.34151	2.80475	4.6062	5.80867	6.21013	6.27589	5.52515	6.27589
Niger	6.13449	6.1986	3.99933	6.10557	5.4602	6.06102	4.89071	4.95086	0.590221	2.01027	0.733216	0.964892	3.13194	0	6.12023	5.55331	6.00456	1.47701	6.09601	6.09707	5.96189	6.04109	5.18927	0.736633	2.65138	5.74185	6.13284	6.1986	5.29796	6.1986
Norway	1.52401	1.7985	6.70959	0.486613	1.08996	2.13724	2.44939	1.16938	6.17349	7.33366	5.78343	6.04065	6.19753	6.12023	0	1.98724	0.977303	5.95261	1.29185	1.31794	0.702715	0.720898	2.19284	5.85298	7.55729	2.42656	1.72651	1.7985	2.24483	1.7985
Poland	2.99105	3.08421	5.06781	1.97258	1.69625	2.71185	2.65662	1.35991	5.60657	6.76674	5.21651	5.47373	5.63061	5.55331	1.98724	0	2.14684	4.75684	2.65436	2.63534	1.88987	1.9844	1.92712	5.28606	6.99037	3.22003	2.88638	3.08421	2.07585	3.08421
Scotland	1.44533	1.22989	6.66003	0.838579	1.10985	1.57651	2.69958	1.3851	6.05782	7.22647	5.66776	5.92498	6.08185	6.00456	0.977303	2.14684	0	5.83694	1.57253	1.74035	1.19731	0.959634	2.44303	5.73731	7.44162	2.56123	1.90277	1.22989	1.99549	1.22989
South Africa	5.96687	6.03098	3.16711	5.93795	5.29258	5.65862	4.72309	4.78324	1.43783	2.81278	0.988485	1.34277	2.98736	1.47701	5.95261	4.75684	5.83694	0	5.92839	5.92945	5.79427	5.85809	4.86182	1.1551	3.0869	5.61936	5.96522	6.03098	4.96581	6.03098
Spain	1.04244	2.19545	6.68537	1.49126	1.8018	2.58144	2.04156	2.04389	6.14927	7.30943	5.75921	6.01642	6.1733	6.09601	1.29185	2.65436	1.57253	5.92839	0	0.779087	1.33173	0.858996	2.56697	5.82876	7.53307	1.94362	1.89653	2.19545	2.59484	2.19545
Spain (B&S&M)	1.16152	2.37333	6.68643	1.66914	1.71396	2.71207	1.69564	2.02487	6.15033	7.31049	5.76027	6.01748	6.17436	6.09707	1.31794	2.63534	1.74035	5.92945	0.779087	0	0.920346	1.00136	2.2865	5.82982	7.53413	1.5977	1.63093	2.37333	2.47129	2.37333
Spain (Barcelona)	1.56389	2.15813	6.60053	1.05391	0.977529	2.41027	1.79206	1.25801	6.01515	7.18164	5.62509	5.88231	6.03919	5.96189	0.702715	1.88987	1.19731	5.79427	1.33173	0.920346	0	0.681659	1.86107	5.69464	7.39895	1.77555	1.57175	2.15813	2.09515	2.15813
Spain (Gipuzkoa)	1.11118	1.87215	6.6353	0.928214	0.984573	2.1417	2.04149	1.35955	6.09435	7.25711	5.70429	5.96151	6.11838	6.04109	0.720898	1.9844	0.959634	5.85809	0.858996	1.00136	0.681659	0	2.19382	5.77384	7.47815	1.8939	1.76904	1.87215	2.18422	1.87215
Sweden	2.84882	3.42139	5.98023	2.54404	1.56257	2.69268	1.65811	1.56994	5.24253	6.35456	4.92742	5.14769	5.34151	5.18927	2.19284	1.92712	2.44303	4.86182	2.56697	2.2865	1.86107	2.19382	0	4.99697	6.68317	2.23336	2.42696	3.42139	1.85246	3.42139
Thailand	5.86724	5.93135	3.69633	5.83832	5.19295	5.79376	4.62346	4.68361	0.905771	1.95613	0.166617	0.488547	2.80475	0.736633	5.85298	5.28606	5.73731	1.1551	5.82876	5.82982	5.69464	5.77384	4.99697	0	2.39083	5.46413	5.86559	5.93135	5.18061	5.93135
The Gambia	7.57155	7.63566	5.50305	7.54263	6.92312	7.49807	6.38456	6.44471	2.71443	3.01174	2.34076	2.64662	4.6062	2.65138	7.55729	6.99037	7.44162	3.0869	7.53307	7.53413	7.39895	7.47815	6.68317	2.39083	0	6.88383	7.5699	7.63566	6.84871	7.63566
The Netherlands	1.94004	3.07586	6.55805	2.77775	1.86642	3.0482	1.12822	2.56962	5.75138	6.84651	5.45018	5.7074	5.80867	5.74185	2.42656	3.22003	2.56123	5.61936	1.94362	1.5977	1.77555	1.8939	2.23336	5.46413	6.88383	0	2.0486	3.07586	2.45445	3.07586
USA (Utah-PostPCV)	1.91781	2.48851	6.7222	2.0777	1.8909	2.82725	2.23458	2.41768	6.1861	7.34626	5.79604	6.05325	6.21013	6.13284	1.72651	2.88638	1.90277	5.96522	1.89653	1.63093	1.57175	1.76904	2.42696	5.86559	7.5699	2.0486	0	2.48851	2.40532	2.48851
USA (Utah-PrePCV)	1.30479	0	6.78796	1.51907	2.11332	0.764712	3.32144	2.38857	6.25186	7.41202	5.8618	6.11902	6.27589	6.1986	1.7985	3.08421	1.22989	6.03098	2.19545	2.37333	2.15813	1.87215	3.42139	5.93135	7.63566	3.07586	2.48851	0	1.8644	0
United States	1.5524	1.8644	5.80529	2.59603	1.67587	1.49204	2.06223	1.75999	5.35122	6.51138	5.11106	5.36827	5.52515	5.29796	2.24483	2.07585	1.99549	4.96581	2.59484	2.47129	2.09515	2.18422	1.85246	5.18061	6.84871	2.45445	2.40532	1.8644	0	1.8644
United States (Navajo Indians)	1.30479	0	6.78796	1.51907	2.11332	0.764712	3.32144	2.38857	6.25186	7.41202	5.8618	6.11902	6.27589	6.1986	1.7985	3.08421	1.22989	6.03098	2.19545	2.37333	2.15813	1.87215	3.42139	5.93135	7.63566	3.07586	2.48851	0	1.8644	0
