30
Canada (Quebec)	0	0.15	0.15	0.15	0.205556	0.2	0.05	0.15	0.157353	0.496154	0.15	0.275	1.04286	0.230645	0.2	0.292857	0.162195	0.15	0.1	0.114286	0.131818	0.0716418	0.325	0.15	0.300307	0.111538	0.427778	0.15	0.15	0.15
Canada (Toronto)	0.15	0	0	0	0.0555556	0.05	0.1	0	0.00735294	0.346154	0	0.125	0.892857	0.0806452	0.05	0.142857	0.0121951	0	0.25	0.22619	0.0363636	0.108209	0.175	0	0.150307	0.192308	0.277778	0	4.996e-015	0
Chile	0.15	0	0	0	0.0555556	0.05	0.1	0	0.00735294	0.346154	0	0.125	0.892857	0.0806452	0.05	0.142857	0.0121951	0	0.25	0.22619	0.0363636	0.108209	0.175	0	0.150307	0.192308	0.277778	0	4.996e-015	0
Czech Republic	0.15	0	0	0	0.0555556	0.05	0.1	0	0.00735294	0.346154	0	0.125	0.892857	0.0806452	0.05	0.142857	0.0121951	0	0.25	0.22619	0.0363636	0.108209	0.175	0	0.150307	0.192308	0.277778	0	4.996e-015	0
Denmark	0.205556	0.0555556	0.0555556	0.0555556	0	0.105556	0.155556	0.0555556	0.0629085	0.401709	0.0555556	0.180556	0.948413	0.136201	0.105556	0.198413	0.0677507	0.0555556	0.305556	0.281746	0.0919192	0.148839	0.130556	0.0555556	0.205862	0.136752	0.333333	0.0555556	0.0555556	0.0555556
England	0.2	0.05	0.05	0.05	0.105556	0	0.15	0.05	0.0573529	0.396154	0.05	0.175	0.942857	0.130645	0.1	0.192857	0.0621951	0.05	0.3	0.27619	0.0863636	0.158209	0.125	0.05	0.200307	0.242308	0.327778	0.05	0.05	0.05
France	0.05	0.1	0.1	0.1	0.155556	0.15	0	0.1	0.107353	0.446154	0.1	0.225	0.992857	0.180645	0.15	0.242857	0.112195	0.1	0.15	0.12619	0.0818182	0.0216418	0.275	0.1	0.250307	0.0923077	0.377778	0.1	0.1	0.1
Germany	0.15	0	0	0	0.0555556	0.05	0.1	0	0.00735294	0.346154	0	0.125	0.892857	0.0806452	0.05	0.142857	0.0121951	0	0.25	0.22619	0.0363636	0.108209	0.175	0	0.150307	0.192308	0.277778	0	4.996e-015	0
Ghana	0.157353	0.00735294	0.00735294	0.00735294	0.0629085	0.0573529	0.107353	0.00735294	0	0.353507	0.00735294	0.132353	0.90021	0.0879981	0.0573529	0.15021	0.0195481	0.00735294	0.257353	0.233543	0.0437166	0.115562	0.182353	0.00735294	0.15766	0.199661	0.285131	0.00735294	0.00735294	0.00735294
India	0.496154	0.346154	0.346154	0.346154	0.401709	0.396154	0.446154	0.346154	0.353507	0	0.346154	0.471154	1.23901	0.426799	0.396154	0.489011	0.358349	0.346154	0.596154	0.572344	0.382517	0.454363	0.521154	0.346154	0.496461	0.538462	0.623932	0.346154	0.346154	0.346154
Israel	0.15	0	0	0	0.0555556	0.05	0.1	0	0.00735294	0.346154	0	0.125	0.892857	0.0806452	0.05	0.142857	0.0121951	0	0.25	0.22619	0.0363636	0.108209	0.175	0	0.150307	0.192308	0.277778	0	4.996e-015	0
Kenya	0.275	0.125	0.125	0.125	0.180556	0.175	0.225	0.125	0.132353	0.471154	0.125	0	1.01786	0.205645	0.175	0.267857	0.137195	0.125	0.375	0.35119	0.161364	0.233209	0.3	0.125	0.275307	0.317308	0.402778	0.125	0.125	0.125
Mozambique	1.04286	0.892857	0.892857	0.892857	0.948413	0.942857	0.992857	0.892857	0.90021	1.23901	0.892857	1.01786	0	0.973502	0.942857	1.03571	0.905052	0.892857	1.14286	1.11905	0.929221	1.00107	1.06786	0.892857	1.04316	1.08516	1.17063	0.892857	0.892857	0.892857
Niger	0.230645	0.0806452	0.0806452	0.0806452	0.136201	0.130645	0.180645	0.0806452	0.0879981	0.426799	0.0806452	0.205645	0.973502	0	0.130645	0.223502	0.0928403	0.0806452	0.330645	0.306836	0.117009	0.188854	0.255645	0.0806452	0.230952	0.272953	0.358423	0.0806452	0.0806452	0.0806452
Norway	0.2	0.05	0.05	0.05	0.105556	0.1	0.15	0.05	0.0573529	0.396154	0.05	0.175	0.942857	0.130645	0	0.192857	0.0621951	0.05	0.3	0.27619	0.0863636	0.158209	0.225	0.05	0.200307	0.242308	0.327778	0.05	0.05	0.05
Poland	0.292857	0.142857	0.142857	0.142857	0.198413	0.192857	0.242857	0.142857	0.15021	0.489011	0.142857	0.267857	1.03571	0.223502	0.192857	0	0.155052	0.142857	0.392857	0.369048	0.179221	0.251066	0.317857	0.142857	0.293164	0.335165	0.420635	0.142857	0.142857	0.142857
Scotland	0.162195	0.0121951	0.0121951	0.0121951	0.0677507	0.0621951	0.112195	0.0121951	0.0195481	0.358349	0.0121951	0.137195	0.905052	0.0928403	0.0621951	0.155052	0	0.0121951	0.262195	0.238386	0.0485588	0.120404	0.187195	0.0121951	0.162502	0.204503	0.289973	0.0121951	0.0121951	0.0121951
South Africa	0.15	0	0	0	0.0555556	0.05	0.1	0	0.00735294	0.346154	0	0.125	0.892857	0.0806452	0.05	0.142857	0.0121951	0	0.25	0.22619	0.0363636	0.108209	0.175	0	0.150307	0.192308	0.277778	0	4.996e-015	0
Spain	0.1	0.25	0.25	0.25	0.305556	0.3	0.15	0.25	0.257353	0.596154	0.25	0.375	1.14286	0.330645	0.3	0.392857	0.262195	0.25	0	0.214286	0.231818	0.171642	0.425	0.25	0.400307	0.211538	0.527778	0.25	0.25	0.25
Spain (B&S&M)	0.114286	0.22619	0.22619	0.22619	0.281746	0.27619	0.12619	0.22619	0.233543	0.572344	0.22619	0.35119	1.11905	0.306836	0.27619	0.369048	0.238386	0.22619	0.214286	0	0.189827	0.147832	0.40119	0.22619	0.376497	0.187729	0.503968	0.22619	0.22619	0.22619
Spain (Barcelona)	0.131818	0.0363636	0.0363636	0.0363636	0.0919192	0.0863636	0.0818182	0.0363636	0.0437166	0.382517	0.0363636	0.161364	0.929221	0.117009	0.0863636	0.179221	0.0485588	0.0363636	0.231818	0.189827	0	0.0900271	0.211364	0.0363636	0.18667	0.174126	0.314141	0.0363636	0.0363636	0.0363636
Spain (Gipuzkoa)	0.0716418	0.108209	0.108209	0.108209	0.148839	0.158209	0.0216418	0.108209	0.115562	0.454363	0.108209	0.233209	1.00107	0.188854	0.158209	0.251066	0.120404	0.108209	0.171642	0.147832	0.0900271	0	0.268284	0.108209	0.258516	0.0990241	0.385987	0.108209	0.108209	0.108209
Sweden	0.325	0.175	0.175	0.175	0.130556	0.125	0.275	0.175	0.182353	0.521154	0.175	0.3	1.06786	0.255645	0.225	0.317857	0.187195	0.175	0.425	0.40119	0.211364	0.268284	0	0.175	0.325307	0.267308	0.452778	0.175	0.175	0.175
Thailand	0.15	0	0	0	0.0555556	0.05	0.1	0	0.00735294	0.346154	0	0.125	0.892857	0.0806452	0.05	0.142857	0.0121951	0	0.25	0.22619	0.0363636	0.108209	0.175	0	0.150307	0.192308	0.277778	0	4.996e-015	0
The Gambia	0.300307	0.150307	0.150307	0.150307	0.205862	0.200307	0.250307	0.150307	0.15766	0.496461	0.150307	0.275307	1.04316	0.230952	0.200307	0.293164	0.162502	0.150307	0.400307	0.376497	0.18667	0.258516	0.325307	0.150307	0	0.342614	0.428085	0.150307	0.150307	0.150307
The Netherlands	0.111538	0.192308	0.192308	0.192308	0.136752	0.242308	0.0923077	0.192308	0.199661	0.538462	0.192308	0.317308	1.08516	0.272953	0.242308	0.335165	0.204503	0.192308	0.211538	0.187729	0.174126	0.0990241	0.267308	0.192308	0.342614	0	0.470085	0.192308	0.192308	0.192308
USA (Utah-PostPCV)	0.427778	0.277778	0.277778	0.277778	0.333333	0.327778	0.377778	0.277778	0.285131	0.623932	0.277778	0.402778	1.17063	0.358423	0.327778	0.420635	0.289973	0.277778	0.527778	0.503968	0.314141	0.385987	0.452778	0.277778	0.428085	0.470085	0	0.277778	0.277778	0.277778
USA (Utah-PrePCV)	0.15	0	0	0	0.0555556	0.05	0.1	0	0.00735294	0.346154	0	0.125	0.892857	0.0806452	0.05	0.142857	0.0121951	0	0.25	0.22619	0.0363636	0.108209	0.175	0	0.150307	0.192308	0.277778	0	4.996e-015	0
United States	0.15	4.996e-015	4.996e-015	4.996e-015	0.0555556	0.05	0.1	4.996e-015	0.00735294	0.346154	4.996e-015	0.125	0.892857	0.0806452	0.05	0.142857	0.0121951	4.996e-015	0.25	0.22619	0.0363636	0.108209	0.175	4.996e-015	0.150307	0.192308	0.277778	4.996e-015	0	4.996e-015
United States (Navajo Indians)	0.15	0	0	0	0.0555556	0.05	0.1	0	0.00735294	0.346154	0	0.125	0.892857	0.0806452	0.05	0.142857	0.0121951	0	0.25	0.22619	0.0363636	0.108209	0.175	0	0.150307	0.192308	0.277778	0	4.996e-015	0
