30
Canada (Quebec)	0	1.07138	5.81076	2.07205	2.04148	1.26472	2.44016	2.69784	6.32451	6.49476	6.37635	6.39181	6.42329	6.33839	1.70634	2.92907	1.47951	6.27064	1.00091	1.35037	1.77361	1.28313	2.80952	6.38556	6.28082	1.8196	2.18848	1.07138	1.36054	1.07138
Canada (Toronto)	1.07138	0	5.86196	1.94279	2.43127	0.594364	3.35952	2.84135	6.38907	6.55932	6.44092	6.45637	6.50543	6.40552	2.14947	3.10842	1.49412	6.3352	1.92515	2.36384	2.40923	1.97538	3.4288	6.45012	6.3471	2.78573	2.80378	0	1.80165	0
Chile	5.81076	5.86196	0	5.81473	5.66596	5.51189	5.49492	5.53321	4.61934	4.94978	4.41242	4.53262	5.04466	4.62918	5.8363	4.49282	5.80624	3.79216	5.77687	5.80783	5.77085	5.76451	5.36011	4.45155	4.75602	5.69941	5.91084	5.86196	5.14404	5.86196
Czech Republic	2.07205	1.94279	5.81473	0	1.33681	2.33815	2.89552	1.27767	6.34184	6.5121	6.39369	6.40914	6.45522	6.35829	0.471755	1.70721	0.987284	6.28797	1.47357	1.53345	1.02553	0.938218	2.33068	6.4029	6.29962	2.62782	2.18841	1.94279	2.75471	1.94279
Denmark	2.04148	2.43127	5.66596	1.33681	0	2.30604	1.82768	0.852276	5.62481	6.03324	5.67666	5.69211	5.73819	5.64126	1.09458	1.64672	1.11095	5.57094	1.68464	1.44929	0.933309	0.934579	1.39221	5.68586	5.74675	1.85501	1.85725	2.43127	1.89603	2.43127
England	1.26472	0.594364	5.51189	2.33815	2.30604	0	3.23429	2.71613	6.26384	6.47599	6.31569	6.33114	6.3802	6.28029	2.34281	2.75834	1.69671	6.09047	2.15981	2.5354	2.54464	2.13028	2.84597	6.32489	6.23036	2.76625	2.92552	0.594364	1.45157	0.594364
France	2.44016	3.35952	5.49492	2.89552	1.82768	3.23429	0	1.61785	4.98581	5.6168	5.03766	5.05311	5.08459	4.99969	2.54673	2.70789	2.56558	4.93195	2.12881	1.7641	1.89258	2.12029	1.74429	5.04687	5.36709	1.21351	2.01873	3.35952	2.21429	3.35952
Germany	2.69784	2.84135	5.53321	1.27767	0.852276	2.71613	1.61785	0	5.06417	5.69515	5.11601	5.13147	5.17755	5.08062	1.28589	1.42569	1.55465	5.0103	2.14451	1.99139	1.33995	1.49034	1.64581	5.12522	5.44691	2.64998	2.46759	2.84135	2.25516	2.84135
Ghana	6.32451	6.38907	4.61934	6.34184	5.62481	6.26384	4.98581	5.06417	0	1.84354	1.87128	1.90136	3.50624	0.789079	6.35006	5.82163	6.21186	2.18129	6.29444	6.30907	6.18068	6.25648	5.42384	2.02299	2.57145	5.93107	6.33397	6.38907	5.5215	6.38907
India	6.49476	6.55932	4.94978	6.5121	6.03324	6.47599	5.6168	5.69515	1.84354	0	2.97003	2.74913	4.34858	1.98128	6.52031	6.11158	6.43049	3.31795	6.46469	6.47932	6.387	6.44466	5.66308	2.94426	2.82371	6.11405	6.50422	6.55932	5.73365	6.55932
Israel	6.37635	6.44092	4.41242	6.39369	5.67666	6.31569	5.03766	5.11601	1.87128	2.97003	0	0.941803	3.07744	1.6347	6.4019	5.87347	6.26371	1.23965	6.34628	6.36091	6.23253	6.30833	5.65237	0.184074	2.81836	6.03733	6.38582	6.44092	5.84642	6.44092
Kenya	6.39181	6.45637	4.53262	6.40914	5.69211	6.33114	5.05311	5.13147	1.90136	2.74913	0.941803	0	3.09289	1.54622	6.41736	5.88893	6.27916	1.5498	6.36174	6.37637	6.24798	6.32378	5.53448	0.970167	2.90971	6.05279	6.40127	6.45637	5.78158	6.45637
Mozambique	6.42329	6.50543	5.04466	6.45522	5.73819	6.3802	5.08459	5.17755	3.50624	4.34858	3.07744	3.09289	0	3.02579	6.46022	5.93501	6.30687	3.00006	6.39321	6.40784	6.2865	6.35612	5.7067	3.06749	4.16103	6.08427	6.43026	6.50543	5.90474	6.50543
Niger	6.33839	6.40552	4.62918	6.35829	5.64126	6.28029	4.99969	5.08062	0.789079	1.98128	1.6347	1.54622	3.02579	0	6.36651	5.83808	6.22556	2.00383	6.30832	6.32294	6.19456	6.27036	5.43772	1.61928	2.66405	5.9692	6.35042	6.40552	5.53795	6.40552
Norway	1.70634	2.14947	5.8363	0.471755	1.09458	2.34281	2.54673	1.28589	6.35006	6.52031	6.4019	6.41736	6.46022	6.36651	0	1.72878	1.05157	6.29619	1.27192	1.18465	0.676735	0.714918	1.98188	6.41111	6.30783	2.26601	1.81509	2.14947	2.38899	2.14947
Poland	2.92907	3.10842	4.49282	1.70721	1.64672	2.75834	2.70789	1.42569	5.82163	6.11158	5.87347	5.88893	5.93501	5.83808	1.72878	0	1.94319	5.41727	2.37192	2.22353	1.66791	1.75297	1.86951	5.88268	5.86569	2.94998	2.62269	3.10842	2.32838	3.10842
Scotland	1.47951	1.49412	5.80624	0.987284	1.11095	1.69671	2.56558	1.55465	6.21186	6.43049	6.26371	6.27916	6.30687	6.22556	1.05157	1.94319	0	6.15799	1.27077	1.37319	1.15117	0.781914	2.17098	6.27291	6.15346	2.1913	1.93322	1.49412	2.00257	1.49412
South Africa	6.27064	6.3352	3.79216	6.28797	5.57094	6.09047	4.93195	5.0103	2.18129	3.31795	1.23965	1.5498	3.00006	2.00383	6.29619	5.41727	6.15799	0	6.24057	6.2552	6.12681	6.19061	5.42716	1.42372	3.14379	5.93162	6.2801	6.3352	5.48343	6.3352
Spain	1.00091	1.92515	5.77687	1.47357	1.68464	2.15981	2.12881	2.14451	6.29444	6.46469	6.34628	6.36174	6.39321	6.30832	1.27192	2.37192	1.27077	6.24057	0	0.800663	1.32228	0.78658	2.3295	6.35549	6.25075	1.72645	1.91819	1.92515	2.19704	1.92515
Spain (B&S&M)	1.35037	2.36384	5.80783	1.53345	1.44929	2.5354	1.7641	1.99139	6.30907	6.47932	6.36091	6.37637	6.40784	6.32294	1.18465	2.22353	1.37319	6.2552	0.800663	0	0.781262	0.809644	1.91371	6.37012	6.26538	1.39873	1.53342	2.36384	2.30649	2.36384
Spain (Barcelona)	1.77361	2.40923	5.77085	1.02553	0.933309	2.54464	1.89258	1.33995	6.18068	6.387	6.23253	6.24798	6.2865	6.19456	0.676735	1.66791	1.15117	6.12681	1.32228	0.781262	0	0.689778	1.62127	6.24173	6.13699	1.67822	1.5285	2.40923	2.23986	2.40923
Spain (Gipuzkoa)	1.28313	1.97538	5.76451	0.938218	0.934579	2.13028	2.12029	1.49034	6.25648	6.44466	6.30833	6.32378	6.35612	6.27036	0.714918	1.75297	0.781914	6.19061	0.78658	0.809644	0.689778	0	1.97235	6.31753	6.21279	1.75114	1.78574	1.97538	2.16211	1.97538
Sweden	2.80952	3.4288	5.36011	2.33068	1.39221	2.84597	1.74429	1.64581	5.42384	5.66308	5.65237	5.53448	5.7067	5.43772	1.98188	1.86951	2.17098	5.42716	2.3295	1.91371	1.62127	1.97235	0	5.66158	5.47128	2.06661	2.1118	3.4288	1.9283	3.4288
Thailand	6.38556	6.45012	4.45155	6.4029	5.68586	6.32489	5.04687	5.12522	2.02299	2.94426	0.184074	0.970167	3.06749	1.61928	6.41111	5.88268	6.27291	1.42372	6.35549	6.37012	6.24173	6.31753	5.66158	0	2.88315	6.04654	6.39502	6.45012	5.85563	6.45012
The Gambia	6.28082	6.3471	4.75602	6.29962	5.74675	6.23036	5.36709	5.44691	2.57145	2.82371	2.81836	2.90971	4.16103	2.66405	6.30783	5.86569	6.15346	3.14379	6.25075	6.26538	6.13699	6.21279	5.47128	2.88315	0	5.73982	6.2905	6.3471	5.6165	6.3471
The Netherlands	1.8196	2.78573	5.69941	2.62782	1.85501	2.76625	1.21351	2.64998	5.93107	6.11405	6.03733	6.05279	6.08427	5.9692	2.26601	2.94998	2.1913	5.93162	1.72645	1.39873	1.67822	1.75114	2.06661	6.04654	5.73982	0	1.73384	2.78573	2.16221	2.78573
USA (Utah-PostPCV)	2.18848	2.80378	5.91084	2.18841	1.85725	2.92552	2.01873	2.46759	6.33397	6.50422	6.38582	6.40127	6.43026	6.35042	1.81509	2.62269	1.93322	6.2801	1.91819	1.53342	1.5285	1.78574	2.1118	6.39502	6.2905	1.73384	0	2.80378	2.4593	2.80378
USA (Utah-PrePCV)	1.07138	0	5.86196	1.94279	2.43127	0.594364	3.35952	2.84135	6.38907	6.55932	6.44092	6.45637	6.50543	6.40552	2.14947	3.10842	1.49412	6.3352	1.92515	2.36384	2.40923	1.97538	3.4288	6.45012	6.3471	2.78573	2.80378	0	1.80165	0
United States	1.36054	1.80165	5.14404	2.75471	1.89603	1.45157	2.21429	2.25516	5.5215	5.73365	5.84642	5.78158	5.90474	5.53795	2.38899	2.32838	2.00257	5.48343	2.19704	2.30649	2.23986	2.16211	1.9283	5.85563	5.6165	2.16221	2.4593	1.80165	0	1.80165
United States (Navajo Indians)	1.07138	0	5.86196	1.94279	2.43127	0.594364	3.35952	2.84135	6.38907	6.55932	6.44092	6.45637	6.50543	6.40552	2.14947	3.10842	1.49412	6.3352	1.92515	2.36384	2.40923	1.97538	3.4288	6.45012	6.3471	2.78573	2.80378	0	1.80165	0
