30
Canada (Quebec)	0	0.00220694	0.00942809	0.00285714	0.00294359	0.00257993	0.00288057	0.00360312	0.00942809	0.00942809	0.00942809	0.00942809	0.0102631	0.00942809	0.00252222	0.00392282	0.00243271	0.00942809	0.00167374	0.00138871	0.00225746	0.00153422	0.00366488	0.00942809	0.00945996	0.00189106	0.00258737	0.00220694	0.00245544	0.00220694
Canada (Toronto)	0.00220694	0	0.00942809	0.00162551	0.00250338	0.000942809	0.00451769	0.00318602	0.00942809	0.00942809	0.00942809	0.00942809	0.0102631	0.00942809	0.00179788	0.00385482	0.00134056	0.00942809	0.00378498	0.00352023	0.00240832	0.00253339	0.00404491	0.00942809	0.00946295	0.0037035	0.00251066	0	0.00238309	0
Chile	0.00942809	0.00942809	0	0.00942809	0.00899393	0.00867284	0.00864661	0.00864661	0.00552066	0.00552066	0.00552066	0.00552066	0.00703037	0.00562604	0.00942809	0.00682366	0.00933279	0.00491669	0.00942809	0.00942809	0.00935705	0.00934723	0.00840611	0.00552066	0.00572743	0.00912752	0.00942809	0.00942809	0.00809454	0.00942809
Czech Republic	0.00285714	0.00162551	0.00942809	0	0.00160032	0.00240577	0.00403004	0.00188562	0.00942809	0.00942809	0.00942809	0.00942809	0.0102631	0.00942809	0.000366186	0.00269374	0.000887679	0.00942809	0.00308834	0.00279729	0.00125569	0.00155081	0.00315088	0.00942809	0.00946295	0.00345343	0.00210689	0.00162551	0.00319585	0.00162551
Denmark	0.00294359	0.00250338	0.00899393	0.00160032	0	0.00211264	0.00281873	0.00109309	0.00838052	0.00860827	0.00838052	0.00838052	0.00921551	0.00838052	0.00145295	0.00233699	0.00130513	0.00838052	0.00339751	0.00304798	0.00138356	0.00157503	0.00193148	0.00838052	0.00845502	0.002608	0.00223407	0.00250338	0.00208662	0.00250338
England	0.00257993	0.000942809	0.00867284	0.00240577	0.00211264	0	0.00412695	0.00279528	0.00903735	0.00903735	0.00903735	0.00903735	0.00976571	0.00903735	0.00240577	0.00309957	0.00179506	0.00873536	0.00415797	0.00389322	0.0026638	0.00276985	0.00311773	0.00903735	0.00906129	0.00348901	0.00291466	0.000942809	0.00162784	0.000942809
France	0.00288057	0.00451769	0.00864661	0.00403004	0.00281873	0.00412695	0	0.00214442	0.00754247	0.00795242	0.00754247	0.00754247	0.00837745	0.00754247	0.00369511	0.00356826	0.00380008	0.00754247	0.00288606	0.00243056	0.00285619	0.00264897	0.00262718	0.00754247	0.00785392	0.00165224	0.00341832	0.00451769	0.00289164	0.00451769
Germany	0.00360312	0.00318602	0.00864661	0.00188562	0.00109309	0.00279528	0.00214442	0	0.00754247	0.00795242	0.00754247	0.00754247	0.00837745	0.00754247	0.00188562	0.00191225	0.00198778	0.00754247	0.00383431	0.00354326	0.00201868	0.00214159	0.00191982	0.00754247	0.00785691	0.00343673	0.00311877	0.00318602	0.00206727	0.00318602
Ghana	0.00942809	0.00942809	0.00552066	0.00942809	0.00838052	0.00903735	0.00754247	0.00754247	0	0.00163806	0.00147995	0.00163625	0.00476778	0.000939589	0.00942809	0.00831168	0.00919814	0.00199836	0.00942809	0.00942809	0.00925667	0.00932857	0.00821855	0.00163625	0.00310045	0.00887073	0.00942809	0.00942809	0.00809454	0.00942809
India	0.00942809	0.00942809	0.00552066	0.00942809	0.00860827	0.00903735	0.00795242	0.00795242	0.00163806	0	0.00260057	0.00260057	0.00526741	0.00199625	0.00942809	0.00831168	0.00924813	0.00305607	0.00942809	0.00942809	0.00929394	0.00934387	0.00832104	0.00260057	0.00324317	0.00891927	0.00942809	0.00942809	0.00809454	0.00942809
Israel	0.00942809	0.00942809	0.00552066	0.00942809	0.00838052	0.00903735	0.00754247	0.00754247	0.00147995	0.00260057	0	0.000551388	0.00431511	0.00120858	0.00942809	0.00831168	0.00919814	0.00151051	0.00942809	0.00942809	0.00925667	0.00932857	0.00832104	0.000156299	0.00319846	0.00895233	0.00942809	0.00942809	0.00829951	0.00942809
Kenya	0.00942809	0.00942809	0.00552066	0.00942809	0.00838052	0.00903735	0.00754247	0.00754247	0.00163625	0.00260057	0.000551388	0	0.00431511	0.00120858	0.00942809	0.00831168	0.00919814	0.00166681	0.00942809	0.00942809	0.00925667	0.00932857	0.00832104	0.000542704	0.00325408	0.00895233	0.00942809	0.00942809	0.00829951	0.00942809
Mozambique	0.0102631	0.0102631	0.00703037	0.0102631	0.00921551	0.00976571	0.00837745	0.00837745	0.00476778	0.00526741	0.00431511	0.00431511	0	0.00428374	0.0102631	0.00901948	0.0100331	0.00418792	0.0102631	0.0102631	0.0100917	0.0101538	0.00892539	0.00431511	0.00543274	0.00978731	0.0102631	0.0102631	0.00902788	0.0102631
Niger	0.00942809	0.00942809	0.00562604	0.00942809	0.00838052	0.00903735	0.00754247	0.00754247	0.000939589	0.00199625	0.00120858	0.00120858	0.00428374	0	0.00942809	0.00831168	0.00919814	0.00183113	0.00942809	0.00942809	0.00925667	0.00932857	0.00821855	0.00119345	0.00323628	0.00895233	0.00942809	0.00942809	0.00809454	0.00942809
Norway	0.00252222	0.00179788	0.00942809	0.000366186	0.00145295	0.00240577	0.00369511	0.00188562	0.00942809	0.00942809	0.00942809	0.00942809	0.0102631	0.00942809	0	0.00269374	0.000977857	0.00942809	0.0028491	0.00246236	0.000920761	0.00133235	0.00281596	0.00942809	0.00946295	0.0031185	0.00177196	0.00179788	0.00286092	0.00179788
Poland	0.00392282	0.00385482	0.00682366	0.00269374	0.00233699	0.00309957	0.00356826	0.00191225	0.00831168	0.00831168	0.00831168	0.00831168	0.00901948	0.00831168	0.00269374	0	0.00279122	0.00770771	0.00415402	0.00386297	0.00264009	0.00269433	0.00222199	0.00831168	0.00833562	0.00393162	0.00363981	0.00385482	0.0024146	0.00385482
Scotland	0.00243271	0.00134056	0.00933279	0.000887679	0.00130513	0.00179506	0.00380008	0.00198778	0.00919814	0.00924813	0.00919814	0.00919814	0.0100331	0.00919814	0.000977857	0.00279122	0	0.00919814	0.00317931	0.00288826	0.00129177	0.00150088	0.00292093	0.00919814	0.009233	0.00317754	0.00198503	0.00134056	0.00250048	0.00134056
South Africa	0.00942809	0.00942809	0.00491669	0.00942809	0.00838052	0.00873536	0.00754247	0.00754247	0.00199836	0.00305607	0.00151051	0.00166681	0.00418792	0.00183113	0.00942809	0.00770771	0.00919814	0	0.00942809	0.00942809	0.00925667	0.00929437	0.00801905	0.00166681	0.00348078	0.00895233	0.00942809	0.00942809	0.00799753	0.00942809
Spain	0.00167374	0.00378498	0.00942809	0.00308834	0.00339751	0.00415797	0.00288606	0.00383431	0.00942809	0.00942809	0.00942809	0.00942809	0.0102631	0.00942809	0.0028491	0.00415402	0.00317931	0.00942809	0	0.000936411	0.00258435	0.00186717	0.00390558	0.00942809	0.00945996	0.00235094	0.00303476	0.00378498	0.00412918	0.00378498
Spain (B&S&M)	0.00138871	0.00352023	0.00942809	0.00279729	0.00304798	0.00389322	0.00243056	0.00354326	0.00942809	0.00942809	0.00942809	0.00942809	0.0102631	0.00942809	0.00246236	0.00386297	0.00288826	0.00942809	0.000936411	0	0.00197967	0.00157141	0.00345568	0.00942809	0.00945996	0.00189544	0.00257708	0.00352023	0.00376873	0.00352023
Spain (Barcelona)	0.00225746	0.00240832	0.00935705	0.00125569	0.00138356	0.0026638	0.00285619	0.00201868	0.00925667	0.00929394	0.00925667	0.00925667	0.0100917	0.00925667	0.000920761	0.00264009	0.00129177	0.00925667	0.00258435	0.00197967	0	0.000937904	0.00249717	0.00925667	0.00928854	0.00233855	0.00169355	0.00240832	0.00272677	0.00240832
Spain (Gipuzkoa)	0.00153422	0.00253339	0.00934723	0.00155081	0.00157503	0.00276985	0.00264897	0.00214159	0.00932857	0.00934387	0.00932857	0.00932857	0.0101538	0.00932857	0.00133235	0.00269433	0.00150088	0.00929437	0.00186717	0.00157141	0.000937904	0	0.00278238	0.00932857	0.00935182	0.00197152	0.00217014	0.00253339	0.0027771	0.00253339
Sweden	0.00366488	0.00404491	0.00840611	0.00315088	0.00193148	0.00311773	0.00262718	0.00191982	0.00821855	0.00832104	0.00832104	0.00832104	0.00892539	0.00821855	0.00281596	0.00222199	0.00292093	0.00801905	0.00390558	0.00345568	0.00249717	0.00278238	0	0.00832104	0.00829026	0.00309301	0.00306442	0.00404491	0.00195186	0.00404491
Thailand	0.00942809	0.00942809	0.00552066	0.00942809	0.00838052	0.00903735	0.00754247	0.00754247	0.00163625	0.00260057	0.000156299	0.000542704	0.00431511	0.00119345	0.00942809	0.00831168	0.00919814	0.00166681	0.00942809	0.00942809	0.00925667	0.00932857	0.00832104	0	0.00325408	0.00895233	0.00942809	0.00942809	0.00829951	0.00942809
The Gambia	0.00945996	0.00946295	0.00572743	0.00946295	0.00845502	0.00906129	0.00785392	0.00785691	0.00310045	0.00324317	0.00319846	0.00325408	0.00543274	0.00323628	0.00946295	0.00833562	0.009233	0.00348078	0.00945996	0.00945996	0.00928854	0.00935182	0.00829026	0.00325408	0	0.00873472	0.00946295	0.00946295	0.00831759	0.00946295
The Netherlands	0.00189106	0.0037035	0.00912752	0.00345343	0.002608	0.00348901	0.00165224	0.00343673	0.00887073	0.00891927	0.00895233	0.00895233	0.00978731	0.00895233	0.0031185	0.00393162	0.00317754	0.00895233	0.00235094	0.00189544	0.00233855	0.00197152	0.00309301	0.00895233	0.00873472	0	0.00268455	0.0037035	0.00318933	0.0037035
USA (Utah-PostPCV)	0.00258737	0.00251066	0.00942809	0.00210689	0.00223407	0.00291466	0.00341832	0.00311877	0.00942809	0.00942809	0.00942809	0.00942809	0.0102631	0.00942809	0.00177196	0.00363981	0.00198503	0.00942809	0.00303476	0.00257708	0.00169355	0.00217014	0.00306442	0.00942809	0.00946295	0.00268455	0	0.00251066	0.00302506	0.00251066
USA (Utah-PrePCV)	0.00220694	0	0.00942809	0.00162551	0.00250338	0.000942809	0.00451769	0.00318602	0.00942809	0.00942809	0.00942809	0.00942809	0.0102631	0.00942809	0.00179788	0.00385482	0.00134056	0.00942809	0.00378498	0.00352023	0.00240832	0.00253339	0.00404491	0.00942809	0.00946295	0.0037035	0.00251066	0	0.00238309	0
United States	0.00245544	0.00238309	0.00809454	0.00319585	0.00208662	0.00162784	0.00289164	0.00206727	0.00809454	0.00809454	0.00829951	0.00829951	0.00902788	0.00809454	0.00286092	0.0024146	0.00250048	0.00799753	0.00412918	0.00376873	0.00272677	0.0027771	0.00195186	0.00829951	0.00831759	0.00318933	0.00302506	0.00238309	0	0.00238309
United States (Navajo Indians)	0.00220694	0	0.00942809	0.00162551	0.00250338	0.000942809	0.00451769	0.00318602	0.00942809	0.00942809	0.00942809	0.00942809	0.0102631	0.00942809	0.00179788	0.00385482	0.00134056	0.00942809	0.00378498	0.00352023	0.00240832	0.00253339	0.00404491	0.00942809	0.00946295	0.0037035	0.00251066	0	0.00238309	0
