30
Canada (Quebec)	0	0.262626	0.864815	0.573099	0.173767	0.112509	0.126984	0.296043	0.804329	0.701347	0.872222	0.843001	0.500316	0.807615	0.403394	0.270801	0.181627	0.751634	0.153777	0.175967	0.293815	0.228032	0.188826	0.873923	0.752397	0.109519	0.21462	0.262626	0.0248476	0.262626
Canada (Toronto)	0.262626	0	1	1	0.494318	0	0.430976	0.585185	0.922749	0.820833	0.988095	0.958874	0.623746	0.924837	0.809524	0.545455	0.541406	0.870915	0.67374	0.616341	0.695684	0.672041	0.45587	0.989796	0.885868	0.487745	0.522059	-1.#IND	0.117647	-1.#IND
Chile	0.864815	1	0	1	0.786058	0.892857	0.664683	0.777778	0.876961	0.765027	0.979167	0.92803	0.505495	0.880208	0.933333	0.6875	0.880204	0.74183	0.887363	0.847755	0.88217	0.889037	0.672515	0.982456	0.839537	0.77381	0.795168	1	0.711538	1
Czech Republic	0.573099	1	1	0	0.0729167	0.75	0.304527	0.111111	0.928314	0.842491	0.988095	0.958874	0.627792	0.929339	0	0.166667	0.247436	0.870915	0.443439	0.302439	0.177699	0.19501	0.214035	0.989796	0.870991	0.399425	0.304813	1	0.464286	1
Denmark	0.173767	0.494318	0.786058	0.0729167	0	0.341633	0.00971731	-0.0733173	0.72071	0.629234	0.788262	0.756522	0.408496	0.723122	-0.0225694	-0.023628	-0.0173376	0.657207	0.104447	0.0361297	-0.026426	-0.0185618	-0.0360456	0.790127	0.650163	0.0698302	0.0384856	0.494318	0.123665	0.494318
England	0.112509	0	0.892857	0.75	0.341633	0	0.302034	0.437669	0.825821	0.721243	0.89951	0.86943	0.524692	0.829823	0.598394	0.393162	0.343674	0.775414	0.482274	0.448213	0.51326	0.476938	0.315485	0.901364	0.796516	0.343316	0.379758	0	-0.00961538	0
France	0.126984	0.430976	0.664683	0.304527	0.00971731	0.302034	0	0.048103	0.584556	0.484781	0.650841	0.617825	0.270608	0.586131	0.186508	0.062978	0.149969	0.513153	0.0926287	0.0453378	0.0831659	0.105989	-0.0285469	0.652813	0.493629	-0.0379101	0.035014	0.430976	0.0821256	0.430976
Germany	0.296043	0.585185	0.777778	0.111111	-0.0733173	0.437669	0.048103	0	0.695793	0.613783	0.7636	0.72959	0.377541	0.697129	0.0439276	-0.028083	0.0783002	0.625049	0.190248	0.118361	0.0539524	0.0668698	-0.00764732	0.765621	0.630228	0.172551	0.121295	0.585185	0.206808	0.585185
Ghana	0.804329	0.922749	0.876961	0.928314	0.72071	0.825821	0.584556	0.695793	0	0.280136	0.371313	0.336502	0.180658	0.0217132	0.870742	0.684931	0.816765	0.193753	0.830898	0.796589	0.824131	0.830605	0.620705	0.39203	0.561989	0.720976	0.741288	0.922749	0.650987	0.922749
India	0.701347	0.820833	0.765027	0.842491	0.629234	0.721243	0.484781	0.613783	0.280136	0	0.513158	0.467054	0.174281	0.299601	0.782963	0.600809	0.724733	0.346588	0.738134	0.702337	0.732374	0.739876	0.529643	0.512177	0.379729	0.609138	0.642292	0.820833	0.540932	0.820833
Israel	0.872222	0.988095	0.979167	0.988095	0.788262	0.89951	0.650841	0.7636	0.371313	0.513158	0	0.0939908	0.23187	0.268707	0.930952	0.753876	0.883011	0.139303	0.891549	0.857599	0.885656	0.892558	0.689433	0	0.699764	0.787356	0.806022	0.988095	0.740791	0.988095
Kenya	0.843001	0.958874	0.92803	0.958874	0.756522	0.86943	0.617825	0.72959	0.336502	0.467054	0.0939908	0	0.199053	0.247827	0.901732	0.720578	0.8532	0.131188	0.862328	0.828378	0.855996	0.863061	0.656568	0.112299	0.657904	0.757489	0.776802	0.958874	0.708498	0.958874
Mozambique	0.500316	0.623746	0.505495	0.627792	0.408496	0.524692	0.270608	0.377541	0.180658	0.174281	0.23187	0.199053	0	0.171336	0.568967	0.376333	0.510922	0.109976	0.521275	0.488709	0.518052	0.523805	0.308809	0.232899	0.258037	0.409504	0.439612	0.623746	0.353309	0.623746
Niger	0.807615	0.924837	0.880208	0.929339	0.723122	0.829823	0.586131	0.697129	0.0217132	0.299601	0.268707	0.247827	0.171336	0	0.872138	0.688789	0.819423	0.181838	0.832738	0.798667	0.825951	0.832571	0.623433	0.271019	0.574558	0.724263	0.744255	0.924837	0.658191	0.924837
Norway	0.403394	0.809524	0.933333	0	-0.0225694	0.598394	0.186508	0.0439276	0.870742	0.782963	0.930952	0.901732	0.568967	0.872138	0	0.0857143	0.0976331	0.812092	0.268857	0.147359	0.0122451	0.048535	0.111303	0.932653	0.806154	0.248616	0.148554	0.809524	0.340278	0.809524
Poland	0.270801	0.545455	0.6875	0.166667	-0.023628	0.393162	0.062978	-0.028083	0.684931	0.600809	0.753876	0.720578	0.376333	0.688789	0.0857143	0	0.104148	0.608145	0.184859	0.116096	0.079083	0.0875968	-0.00579539	0.756623	0.618352	0.157469	0.124452	0.545455	0.166667	0.545455
Scotland	0.181627	0.541406	0.880204	0.247436	-0.0173376	0.343674	0.149969	0.0783002	0.816765	0.724733	0.883011	0.8532	0.510922	0.819423	0.0976331	0.104148	0	0.760926	0.207517	0.148498	0.107969	0.0685463	0.0978276	0.884749	0.760984	0.19557	0.140498	0.541406	0.146948	0.541406
South Africa	0.751634	0.870915	0.74183	0.870915	0.657207	0.775414	0.513153	0.625049	0.193753	0.346588	0.139303	0.131188	0.109976	0.181838	0.812092	0.608145	0.760926	0	0.771529	0.736581	0.763981	0.771505	0.551871	0.189702	0.500765	0.66085	0.685542	0.870915	0.601712	0.870915
Spain	0.153777	0.67374	0.887363	0.443439	0.104447	0.482274	0.0926287	0.190248	0.830898	0.738134	0.891549	0.862328	0.521275	0.832738	0.268857	0.184859	0.207517	0.771529	0	0.00372434	0.156903	0.0736866	0.144514	0.89325	0.759171	0.0942387	0.206003	0.67374	0.260642	0.67374
Spain (B&S&M)	0.175967	0.616341	0.847755	0.302439	0.0361297	0.448213	0.0453378	0.118361	0.796589	0.702337	0.857599	0.828378	0.488709	0.798667	0.147359	0.116096	0.148498	0.736581	0.00372434	0	0.0548496	0.034324	0.0767251	0.8593	0.716783	0.0492611	0.104432	0.616341	0.227394	0.616341
Spain (Barcelona)	0.293815	0.695684	0.88217	0.177699	-0.026426	0.51326	0.0831659	0.0539524	0.824131	0.732374	0.885656	0.855996	0.518052	0.825951	0.0122451	0.079083	0.107969	0.763981	0.156903	0.0548496	0	0.0281393	0.0561715	0.887384	0.748146	0.11548	0.0670013	0.695684	0.267101	0.695684
Spain (Gipuzkoa)	0.228032	0.672041	0.889037	0.19501	-0.0185618	0.476938	0.105989	0.0668698	0.830605	0.739876	0.892558	0.863061	0.523805	0.832571	0.048535	0.0875968	0.0685463	0.771505	0.0736866	0.034324	0.0281393	0	0.082533	0.894283	0.762339	0.135672	0.12878	0.672041	0.2438	0.672041
Sweden	0.188826	0.45587	0.672515	0.214035	-0.0360456	0.315485	-0.0285469	-0.00764732	0.620705	0.529643	0.689433	0.656568	0.308809	0.623433	0.111303	-0.00579539	0.0978276	0.551871	0.144514	0.0767251	0.0561715	0.082533	0	0.691522	0.545086	0.047025	0.0490841	0.45587	0.105767	0.45587
Thailand	0.873923	0.989796	0.982456	0.989796	0.790127	0.901364	0.652813	0.765621	0.39203	0.512177	0	0.112299	0.232899	0.271019	0.932653	0.756623	0.884749	0.189702	0.89325	0.8593	0.887384	0.894283	0.691522	0	0.704134	0.789135	0.807723	0.989796	0.742991	0.989796
The Gambia	0.752397	0.885868	0.839537	0.870991	0.650163	0.796516	0.493629	0.630228	0.561989	0.379729	0.699764	0.657904	0.258037	0.574558	0.806154	0.618352	0.760984	0.500765	0.759171	0.716783	0.748146	0.762339	0.545086	0.704134	0	0.613099	0.657153	0.885868	0.625546	0.885868
The Netherlands	0.109519	0.487745	0.77381	0.399425	0.0698302	0.343316	-0.0379101	0.172551	0.720976	0.609138	0.787356	0.757489	0.409504	0.724263	0.248616	0.157469	0.19557	0.66085	0.0942387	0.0492611	0.11548	0.135672	0.047025	0.789135	0.613099	0	0.0515732	0.487745	0.129324	0.487745
USA (Utah-PostPCV)	0.21462	0.522059	0.795168	0.304813	0.0384856	0.379758	0.035014	0.121295	0.741288	0.642292	0.806022	0.776802	0.439612	0.744255	0.148554	0.124452	0.140498	0.685542	0.206003	0.104432	0.0670013	0.12878	0.0490841	0.807723	0.657153	0.0515732	0	0.522059	0.166257	0.522059
USA (Utah-PrePCV)	0.262626	-1.#IND	1	1	0.494318	0	0.430976	0.585185	0.922749	0.820833	0.988095	0.958874	0.623746	0.924837	0.809524	0.545455	0.541406	0.870915	0.67374	0.616341	0.695684	0.672041	0.45587	0.989796	0.885868	0.487745	0.522059	0	0.117647	-1.#IND
United States	0.0248476	0.117647	0.711538	0.464286	0.123665	-0.00961538	0.0821256	0.206808	0.650987	0.540932	0.740791	0.708498	0.353309	0.658191	0.340278	0.166667	0.146948	0.601712	0.260642	0.227394	0.267101	0.2438	0.105767	0.742991	0.625546	0.129324	0.166257	0.117647	0	0.117647
United States (Navajo Indians)	0.262626	-1.#IND	1	1	0.494318	0	0.430976	0.585185	0.922749	0.820833	0.988095	0.958874	0.623746	0.924837	0.809524	0.545455	0.541406	0.870915	0.67374	0.616341	0.695684	0.672041	0.45587	0.989796	0.885868	0.487745	0.522059	-1.#IND	0.117647	0
