30
Canada (Quebec)	0.0	1.0	2.0	1.8	1.57777777778	1.0	1.2	1.8	2.0	2.0	2.0	2.0	2.0	2.0	1.6	1.8	1.16585365854	2.0	1.05714285714	1.07619047619	1.49090909091	1.20298507463	1.6	2.0	2.0	0.984615384615	1.37777777778	1.0	0.6	1.0
Canada (Toronto)	1.0	0.0	2.0	2.0	1.77777777778	0.2	2.0	2.0	2.0	2.0	2.0	2.0	2.0	2.0	2.0	2.0	1.36585365854	2.0	2.0	2.0	2.0	1.88059701493	2.0	2.0	2.0	1.84615384615	1.77777777778	0.0	0.8	0.0
Chile	2.0	2.0	0.0	2.0	2.0	2.0	2.0	2.0	2.0	2.0	2.0	2.0	2.0	2.0	2.0	2.0	2.0	2.0	2.0	2.0	2.0	2.0	2.0	2.0	2.0	2.0	2.0	2.0	1.8	2.0
Czech Republic	1.8	2.0	2.0	0.0	0.666666666667	2.0	1.4	0.4	2.0	2.0	2.0	2.0	2.0	2.0	0.4	0.571428571429	0.878048780488	2.0	1.14285714286	1.14285714286	0.581818181818	0.671641791045	0.9	2.0	2.0	1.53846153846	1.33333333333	2.0	1.8	2.0
Denmark	1.57777777778	1.77777777778	2.0	0.666666666667	0.0	1.77777777778	1.17777777778	0.444444444444	1.77777777778	2.0	1.77777777778	1.77777777778	1.77777777778	1.77777777778	0.666666666667	0.666666666667	0.607046070461	1.77777777778	1.14285714286	1.14285714286	0.630303030303	0.507462686567	0.7	1.77777777778	1.9263803681	1.16239316239	1.11111111111	1.77777777778	1.57777777778	1.77777777778
England	1.0	0.2	2.0	2.0	1.77777777778	0.0	2.0	2.0	2.0	2.0	2.0	2.0	2.0	2.0	2.0	2.0	1.36585365854	2.0	2.0	2.0	2.0	1.88059701493	1.9	2.0	2.0	1.84615384615	1.77777777778	0.2	0.8	0.2
France	1.2	2.0	2.0	1.4	1.17777777778	2.0	0.0	1.0	1.6	2.0	1.6	1.6	1.6	1.6	1.2	1.4	1.3512195122	1.6	0.857142857143	0.761904761905	0.854545454545	0.907462686567	1.1	1.6	1.9263803681	0.676923076923	1.17777777778	2.0	1.6	2.0
Germany	1.8	2.0	2.0	0.4	0.444444444444	2.0	1.0	0.0	1.6	2.0	1.6	1.6	1.6	1.6	0.4	0.571428571429	0.829268292683	1.6	1.14285714286	1.14285714286	0.545454545455	0.65671641791	0.8	1.6	1.9263803681	1.53846153846	1.33333333333	2.0	1.8	2.0
Ghana	2.0	2.0	2.0	2.0	1.77777777778	2.0	1.6	1.6	0.0	1.53846153846	1.39215686275	1.55882352941	1.55882352941	0.720113851992	2.0	2.0	1.9512195122	1.32352941176	2.0	2.0	1.96363636364	1.98507462687	1.8	1.55882352941	1.8527607362	2.0	2.0	2.0	1.8	2.0
India	2.0	2.0	2.0	2.0	2.0	2.0	2.0	2.0	1.53846153846	0.0	2.0	2.0	2.0	1.53846153846	2.0	2.0	2.0	2.0	2.0	2.0	2.0	2.0	1.9	2.0	2.0	2.0	2.0	2.0	1.8	2.0
Israel	2.0	2.0	2.0	2.0	1.77777777778	2.0	1.6	1.6	1.39215686275	2.0	0.0	0.666666666667	1.28571428571	1.09677419355	2.0	2.0	1.9512195122	0.833333333333	2.0	2.0	1.96363636364	1.98507462687	1.9	0.166666666667	1.8773006135	2.0	2.0	2.0	2.0	2.0
Kenya	2.0	2.0	2.0	2.0	1.77777777778	2.0	1.6	1.6	1.55882352941	2.0	0.666666666667	0.0	1.28571428571	1.09677419355	2.0	2.0	1.9512195122	1.0	2.0	2.0	1.96363636364	1.98507462687	1.9	0.666666666667	1.9263803681	2.0	2.0	2.0	2.0	2.0
Mozambique	2.0	2.0	2.0	2.0	1.77777777778	2.0	1.6	1.6	1.55882352941	2.0	1.28571428571	1.28571428571	0.0	1.28571428571	2.0	2.0	1.9512195122	1.28571428571	2.0	2.0	1.96363636364	1.98507462687	1.9	1.28571428571	1.9263803681	2.0	2.0	2.0	2.0	2.0
Niger	2.0	2.0	2.0	2.0	1.77777777778	2.0	1.6	1.6	0.720113851992	1.53846153846	1.09677419355	1.09677419355	1.28571428571	0.0	2.0	2.0	1.9512195122	1.09677419355	2.0	2.0	1.96363636364	1.98507462687	1.8	1.09677419355	1.9263803681	2.0	2.0	2.0	1.8	2.0
Norway	1.6	2.0	2.0	0.4	0.666666666667	2.0	1.2	0.4	2.0	2.0	2.0	2.0	2.0	2.0	0.0	0.571428571429	0.878048780488	2.0	1.0	0.942857142857	0.381818181818	0.567164179104	0.7	2.0	2.0	1.33846153846	1.13333333333	2.0	1.6	2.0
Poland	1.8	2.0	2.0	0.571428571429	0.666666666667	2.0	1.4	0.571428571429	2.0	2.0	2.0	2.0	2.0	2.0	0.571428571429	0.0	0.878048780488	2.0	1.14285714286	1.14285714286	0.581818181818	0.671641791045	0.9	2.0	2.0	1.53846153846	1.33333333333	2.0	1.8	2.0
Scotland	1.16585365854	1.36585365854	2.0	0.878048780488	0.607046070461	1.36585365854	1.3512195122	0.829268292683	1.9512195122	2.0	1.9512195122	1.9512195122	1.9512195122	1.9512195122	0.878048780488	0.878048780488	0.0	1.9512195122	1.14285714286	1.14285714286	0.841685144124	0.743720422279	0.851219512195	1.9512195122	1.9512195122	1.38461538462	1.11111111111	1.36585365854	1.16585365854	1.36585365854
South Africa	2.0	2.0	2.0	2.0	1.77777777778	2.0	1.6	1.6	1.32352941176	2.0	0.833333333333	1.0	1.28571428571	1.09677419355	2.0	2.0	1.9512195122	0.0	2.0	2.0	1.96363636364	1.98507462687	1.9	1.0	1.8773006135	2.0	2.0	2.0	2.0	2.0
Spain	1.05714285714	2.0	2.0	1.14285714286	1.14285714286	2.0	0.857142857143	1.14285714286	2.0	2.0	2.0	2.0	2.0	2.0	1.0	1.14285714286	1.14285714286	2.0	0.0	0.47619047619	0.890909090909	0.665245202559	1.0	2.0	2.0	0.934065934066	1.19047619048	2.0	1.65714285714	2.0
Spain (B&S&M)	1.07619047619	2.0	2.0	1.14285714286	1.14285714286	2.0	0.761904761905	1.14285714286	2.0	2.0	2.0	2.0	2.0	2.0	0.942857142857	1.14285714286	1.14285714286	2.0	0.47619047619	0.0	0.759307359307	0.665245202559	0.942857142857	2.0	2.0	0.838827838828	1.11111111111	2.0	1.6	2.0
Spain (Barcelona)	1.49090909091	2.0	2.0	0.581818181818	0.630303030303	2.0	0.854545454545	0.545454545455	1.96363636364	2.0	1.96363636364	1.96363636364	1.96363636364	1.96363636364	0.381818181818	0.581818181818	0.841685144124	1.96363636364	0.890909090909	0.759307359307	0.0	0.443147896879	0.663636363636	1.96363636364	1.96363636364	1.02937062937	1.11111111111	2.0	1.6	2.0
Spain (Gipuzkoa)	1.20298507463	1.88059701493	2.0	0.671641791045	0.507462686567	1.88059701493	0.907462686567	0.65671641791	1.98507462687	2.0	1.98507462687	1.98507462687	1.98507462687	1.98507462687	0.567164179104	0.671641791045	0.743720422279	1.98507462687	0.665245202559	0.665245202559	0.443147896879	0.0	0.750746268657	1.98507462687	1.98507462687	0.91159586682	1.10945273632	1.88059701493	1.57611940299	1.88059701493
Sweden	1.6	2.0	2.0	0.9	0.7	1.9	1.1	0.8	1.8	1.9	1.9	1.9	1.9	1.8	0.7	0.9	0.851219512195	1.9	1.0	0.942857142857	0.663636363636	0.750746268657	0.0	1.9	1.9263803681	1.23846153846	1.13333333333	2.0	1.5	2.0
Thailand	2.0	2.0	2.0	2.0	1.77777777778	2.0	1.6	1.6	1.55882352941	2.0	0.166666666667	0.666666666667	1.28571428571	1.09677419355	2.0	2.0	1.9512195122	1.0	2.0	2.0	1.96363636364	1.98507462687	1.9	0.0	1.9263803681	2.0	2.0	2.0	2.0	2.0
The Gambia	2.0	2.0	2.0	2.0	1.9263803681	2.0	1.9263803681	1.9263803681	1.8527607362	2.0	1.8773006135	1.9263803681	1.9263803681	1.9263803681	2.0	2.0	1.9512195122	1.8773006135	2.0	2.0	1.96363636364	1.98507462687	1.9263803681	1.9263803681	0.0	1.84615384615	2.0	2.0	2.0	2.0
The Netherlands	0.984615384615	1.84615384615	2.0	1.53846153846	1.16239316239	1.84615384615	0.676923076923	1.53846153846	2.0	2.0	2.0	2.0	2.0	2.0	1.33846153846	1.53846153846	1.38461538462	2.0	0.934065934066	0.838827838828	1.02937062937	0.91159586682	1.23846153846	2.0	1.84615384615	0.0	1.16239316239	1.84615384615	1.44615384615	1.84615384615
USA (Utah-PostPCV)	1.37777777778	1.77777777778	2.0	1.33333333333	1.11111111111	1.77777777778	1.17777777778	1.33333333333	2.0	2.0	2.0	2.0	2.0	2.0	1.13333333333	1.33333333333	1.11111111111	2.0	1.19047619048	1.11111111111	1.11111111111	1.10945273632	1.13333333333	2.0	2.0	1.16239316239	0.0	1.77777777778	1.37777777778	1.77777777778
USA (Utah-PrePCV)	1.0	0.0	2.0	2.0	1.77777777778	0.2	2.0	2.0	2.0	2.0	2.0	2.0	2.0	2.0	2.0	2.0	1.36585365854	2.0	2.0	2.0	2.0	1.88059701493	2.0	2.0	2.0	1.84615384615	1.77777777778	0.0	0.8	0.0
United States	0.6	0.8	1.8	1.8	1.57777777778	0.8	1.6	1.8	1.8	1.8	2.0	2.0	2.0	1.8	1.6	1.8	1.16585365854	2.0	1.65714285714	1.6	1.6	1.57611940299	1.5	2.0	2.0	1.44615384615	1.37777777778	0.8	0.0	0.8
United States (Navajo Indians)	1.0	0.0	2.0	2.0	1.77777777778	0.2	2.0	2.0	2.0	2.0	2.0	2.0	2.0	2.0	2.0	2.0	1.36585365854	2.0	2.0	2.0	2.0	1.88059701493	2.0	2.0	2.0	1.84615384615	1.77777777778	0.0	0.8	0.0
