30
Canada (Quebec)	0	1.42589	6.50638	2.37589	2.37673	1.66314	2.60306	3.00544	6.50638	6.50638	6.50638	6.50638	7.39191	6.71381	1.89167	3.3417	1.66343	6.50638	1.34133	1.43712	2.04798	1.52506	3.10874	6.50638	6.5732	1.98765	2.10721	1.42589	1.55961	1.42589
Canada (Toronto)	1.42589	0	6.50638	2.375	2.76559	0.650638	3.77062	3.20128	6.50638	6.50638	6.50638	6.50638	7.39191	6.71381	2.48006	3.5554	1.72068	6.50638	2.6048	2.7646	2.81327	2.465	3.75963	6.50638	6.5732	3.23469	2.75579	0	1.95217	0
Chile	6.50638	6.50638	0	6.50638	6.35686	6.18074	6.23725	6.23725	5.16071	5.16071	5.16071	5.16071	6.57515	5.41155	6.50638	5.07599	6.47356	4.32857	6.50638	6.50638	6.48192	6.4652	5.97889	5.16071	5.28859	6.40287	6.50638	6.50638	5.72118	6.50638
Czech Republic	2.37589	2.375	6.50638	0	1.44615	2.78814	3.05812	1.30128	6.50638	6.50638	6.50638	6.50638	7.39191	6.71381	0.650893	1.85897	1.09162	6.50638	1.58695	1.68622	1.11993	1.02937	2.45338	6.50638	6.5732	2.86931	2.11458	2.375	3.13967	2.375
Denmark	2.37673	2.76559	6.35686	1.44615	0	2.63102	2.12586	0.934099	5.78345	6.03345	5.78345	5.78345	6.66898	5.99088	1.18692	1.82254	1.20751	5.78345	1.94981	1.78973	1.12904	1.08872	1.49347	5.78345	6.01745	2.10483	1.90498	2.76559	2.2468	2.76559
England	1.66314	0.650638	6.18074	2.78814	2.63102	0	3.63605	3.06671	6.37182	6.37182	6.37182	6.37182	7.25734	6.57924	2.7173	3.22976	1.98499	6.18074	2.88635	3.00184	2.98291	2.6487	3.15899	6.37182	6.43765	3.18593	2.99303	0.650638	1.62653	0.650638
France	2.60306	3.77062	6.23725	3.05812	2.12586	3.63605	0	1.75685	5.20511	5.65511	5.20511	5.20511	6.09063	5.41253	2.64473	2.99234	2.89943	5.20511	2.24617	1.82547	1.97213	2.25508	1.80104	5.20511	5.71175	1.4179	2.38461	3.77062	2.55952	3.77062
Germany	3.00544	3.20128	6.23725	1.30128	0.934099	3.06671	1.75685	0	5.20511	5.65511	5.20511	5.20511	6.09063	5.41253	1.30128	1.58983	1.64319	5.20511	2.2608	2.17548	1.43299	1.58111	1.67946	5.20511	5.71175	2.95774	2.58907	3.20128	2.57946	3.20128
Ghana	6.50638	6.50638	5.16071	6.50638	5.78345	6.37182	5.20511	5.20511	0	2.26888	1.5633	1.70219	4.60508	1.11887	6.50638	6.12191	6.34769	2.06054	6.50638	6.50638	6.38809	6.44779	5.55268	1.77108	3.59637	6.30282	6.50638	6.50638	5.72118	6.50638
India	6.50638	6.50638	5.16071	6.50638	6.03345	6.37182	5.65511	5.65511	2.26888	0	2.78811	2.78811	5.2746	2.58502	6.50638	6.12191	6.40257	3.19298	6.50638	6.50638	6.42899	6.46458	5.63336	2.78811	3.79275	6.30282	6.50638	6.50638	5.72118	6.50638
Israel	6.50638	6.50638	5.16071	6.50638	5.78345	6.37182	5.20511	5.20511	1.5633	2.78811	0	0.588889	4.19717	1.5507	6.50638	6.12191	6.34769	1.57237	6.50638	6.50638	6.38809	6.44779	5.66518	0.207778	3.66719	6.30282	6.50638	6.50638	5.94618	6.50638
Kenya	6.50638	6.50638	5.16071	6.50638	5.78345	6.37182	5.20511	5.20511	1.70219	2.78811	0.588889	0	4.19717	1.5507	6.50638	6.12191	6.34769	1.71125	6.50638	6.50638	6.38809	6.44779	5.66518	0.657778	3.70809	6.30282	6.50638	6.50638	5.94618	6.50638
Mozambique	7.39191	7.39191	6.57515	7.39191	6.66898	7.25734	6.09063	6.09063	4.60508	5.2746	4.19717	4.19717	0	3.94787	7.39191	7.00743	7.23322	4.19717	7.39191	7.39191	7.27361	7.33331	6.5507	4.19717	5.46125	7.18834	7.39191	7.39191	6.8317	7.39191
Niger	6.71381	6.71381	5.41155	6.71381	5.99088	6.57924	5.41253	5.41253	1.11887	2.58502	1.5507	1.5507	3.94787	0	6.71381	6.32933	6.55511	2.09952	6.71381	6.71381	6.59551	6.65521	5.7601	1.53827	3.6946	6.51024	6.71381	6.71381	5.9286	6.71381
Norway	1.89167	2.48006	6.50638	0.650893	1.18692	2.7173	2.64473	1.30128	6.50638	6.50638	6.50638	6.50638	7.39191	6.71381	0	1.85897	1.13447	6.50638	1.33597	1.27283	0.706539	0.740798	2.03999	6.50638	6.5732	2.40143	1.6211	2.48006	2.65544	2.48006
Poland	3.3417	3.5554	5.07599	1.85897	1.82254	3.22976	2.99234	1.58983	6.12191	6.12191	6.12191	6.12191	7.00743	6.32933	1.85897	0	2.12318	5.38976	2.59706	2.51174	1.8442	1.93679	2.01062	6.12191	6.18774	3.26114	2.79243	3.5554	2.70782	3.5554
Scotland	1.66343	1.72068	6.47356	1.09162	1.20751	1.98499	2.89943	1.64319	6.34769	6.40257	6.34769	6.34769	7.23322	6.55511	1.13447	2.12318	0	6.34769	1.64481	1.74409	1.31031	1.02947	2.29469	6.34769	6.41451	2.62207	1.85295	1.72068	2.26553	1.72068
South Africa	6.50638	6.50638	4.32857	6.50638	5.78345	6.18074	5.20511	5.20511	2.06054	3.19298	1.57237	1.71125	4.19717	2.09952	6.50638	5.38976	6.34769	0	6.50638	6.50638	6.38809	6.42669	5.47411	1.78014	3.85011	6.30282	6.50638	6.50638	5.53011	6.50638
Spain	1.34133	2.6048	6.50638	1.58695	1.94981	2.88635	2.24617	2.2608	6.50638	6.50638	6.50638	6.50638	7.39191	6.71381	1.33597	2.59706	1.64481	6.50638	0	0.799674	1.42145	0.912037	2.47179	6.50638	6.5732	1.97788	1.87916	2.6048	2.90094	2.6048
Spain (B&S&M)	1.43712	2.7646	6.50638	1.68622	1.78973	3.00184	1.82547	2.17548	6.50638	6.50638	6.50638	6.50638	7.39191	6.71381	1.27283	2.51174	1.74409	6.50638	0.799674	0	0.881485	0.977187	2.09791	6.50638	6.5732	1.55717	1.59225	2.7646	2.75802	2.7646
Spain (Barcelona)	2.04798	2.81327	6.48192	1.11993	1.12904	2.98291	1.97213	1.43299	6.38809	6.42899	6.38809	6.38809	7.27361	6.59551	0.706539	1.8442	1.31031	6.38809	1.42145	0.881485	0	0.774558	1.7333	6.38809	6.4549	1.8535	1.5976	2.81327	2.64889	2.81327
Spain (Gipuzkoa)	1.52506	2.465	6.4652	1.02937	1.08872	2.6487	2.25508	1.58111	6.44779	6.46458	6.44779	6.44779	7.33331	6.65521	0.740798	1.93679	1.02947	6.42669	0.912037	0.977187	0.774558	0	2.08446	6.44779	6.51362	1.9197	1.74572	2.465	2.67249	2.465
Sweden	3.10874	3.75963	5.97889	2.45338	1.49347	3.15899	1.80104	1.67946	5.55268	5.63336	5.66518	5.66518	6.5507	5.7601	2.03999	2.01062	2.29469	5.47411	2.47179	2.09791	1.7333	2.08446	0	5.66518	5.74818	2.29957	2.28007	3.75963	2.24496	3.75963
Thailand	6.50638	6.50638	5.16071	6.50638	5.78345	6.37182	5.20511	5.20511	1.77108	2.78811	0.207778	0.657778	4.19717	1.53827	6.50638	6.12191	6.34769	1.78014	6.50638	6.50638	6.38809	6.44779	5.66518	0	3.73294	6.30282	6.50638	6.50638	5.94618	6.50638
The Gambia	6.5732	6.5732	5.28859	6.5732	6.01745	6.43765	5.71175	5.71175	3.59637	3.79275	3.66719	3.70809	5.46125	3.6946	6.5732	6.18774	6.41451	3.85011	6.5732	6.5732	6.4549	6.51362	5.74818	3.73294	0	6.07271	6.5732	6.5732	5.989	6.5732
The Netherlands	1.98765	3.23469	6.40287	2.86931	2.10483	3.18593	1.4179	2.95774	6.30282	6.30282	6.30282	6.30282	7.18834	6.51024	2.40143	3.26114	2.62207	6.30282	1.97788	1.55717	1.8535	1.9197	2.29957	6.30282	6.07271	0	1.93914	3.23469	2.67223	3.23469
USA (Utah-PostPCV)	2.10721	2.75579	6.50638	2.11458	1.90498	2.99303	2.38461	2.58907	6.50638	6.50638	6.50638	6.50638	7.39191	6.71381	1.6211	2.79243	1.85295	6.50638	1.87916	1.59225	1.5976	1.74572	2.28007	6.50638	6.5732	1.93914	0	2.75579	2.57939	2.75579
USA (Utah-PrePCV)	1.42589	0	6.50638	2.375	2.76559	0.650638	3.77062	3.20128	6.50638	6.50638	6.50638	6.50638	7.39191	6.71381	2.48006	3.5554	1.72068	6.50638	2.6048	2.7646	2.81327	2.465	3.75963	6.50638	6.5732	3.23469	2.75579	0	1.95217	0
United States	1.55961	1.95217	5.72118	3.13967	2.2468	1.62653	2.55952	2.57946	5.72118	5.72118	5.94618	5.94618	6.8317	5.9286	2.65544	2.70782	2.26553	5.53011	2.90094	2.75802	2.64889	2.67249	2.24496	5.94618	5.989	2.67223	2.57939	1.95217	0	1.95217
United States (Navajo Indians)	1.42589	0	6.50638	2.375	2.76559	0.650638	3.77062	3.20128	6.50638	6.50638	6.50638	6.50638	7.39191	6.71381	2.48006	3.5554	1.72068	6.50638	2.6048	2.7646	2.81327	2.465	3.75963	6.50638	6.5732	3.23469	2.75579	0	1.95217	0
