30
Canada (Quebec)	0	0.6	4.6	1.4	0.866667	0.4	0.7	1	0.917647	1.44615	0.916667	1.13333	2.1	1.06452	1.2	1.77143	1.03415	1.5	0.585714	0.804762	1.05455	0.728358	1.1	1	1.59141	0.630769	1.5	0.6	0.5	0.6
Canada (Toronto)	0.6	0	5	1	0.888889	0.4	1.3	1	1.20588	1.84615	1.08333	1.33333	2.5	1.19355	1.2	2.14286	0.682927	1.9	1.07143	1.40476	1.23636	1.01493	1.6	1	2.09816	1.23077	1.61111	0	0.9	0
Chile	4.6	5	0	4	4.33333	4.6	4.3	4	3.85294	4.07692	3.91667	3.83333	4.35714	4.12903	4.2	2.85714	4.31707	3.1	4.07143	4.11905	4.2	4.13433	4.2	4	4.80368	4.69231	4.61111	5	4.3	5
Czech Republic	1.4	1	4	0	0.555556	1.2	1.7	0.4	2.17647	2.84615	2.08333	1.83333	2.64286	2.19355	0.4	1.14286	0.365854	2.5	1.21429	1.30952	0.781818	0.671642	1.3	2	2.98773	1.76923	1.61111	1	1.5	1
Denmark	0.866667	0.888889	4.33333	0.555556	0	0.888889	1.14444	0.333333	1.78431	2.2906	1.75	1.5	2.30952	1.7957	0.555556	1.47619	0.205962	2.16667	0.738095	0.753968	0.387879	0.199005	0.744444	1.66667	2.43217	1.21368	1.16667	0.888889	0.966667	0.888889
England	0.4	0.4	4.6	1.2	0.888889	0	1.1	1	1.17647	1.84615	1.11667	1.33333	2.3	1.32903	1.2	1.74286	0.834146	1.7	0.928571	1.20476	1.05455	0.880597	1.2	1.2	1.99141	1.03077	1.5	0.4	0.5	0.4
France	0.7	1.3	4.3	1.7	1.14444	1.1	0	1.3	1.29412	1.14615	1.41667	1.33333	2.11429	1.56452	1.5	1.7	1.33415	1.4	0.685714	0.542857	0.954545	1.02836	1	1.5	1.69141	0.392308	1	1.3	0.8	1.3
Germany	1	1	4	0.4	0.333333	1	1.3	0	1.77647	2.44615	1.68333	1.43333	2.24286	1.79355	0.6	1.14286	0.317073	2.1	0.814286	0.909524	0.6	0.271642	0.9	1.6	2.58773	1.36923	1.5	1	1.1	1
Ghana	0.917647	1.20588	3.85294	2.17647	1.78431	1.17647	1.29412	1.77647	0	0.669683	0.122549	0.509804	1.39076	0.276091	2.11765	2.42437	1.81062	0.752941	1.04622	1.38936	1.84866	1.59526	1.89412	0.205882	1.03176	1.4095	2.29412	1.20588	1.29412	1.20588
India	1.44615	1.84615	4.07692	2.84615	2.2906	1.84615	1.14615	2.44615	0.669683	0	0.762821	1.17949	2.06044	0.91067	2.64615	2.84615	2.4803	0.976923	1.63187	1.67949	2.1007	2.17451	2.14615	0.846154	0.837187	1.07692	1.79915	1.84615	1.74615	1.84615
Israel	0.916667	1.08333	3.91667	2.08333	1.75	1.11667	1.41667	1.68333	0.122549	0.762821	0	0.416667	1.41667	0.212366	2.11667	2.4881	1.71748	0.816667	1.0119	1.5119	1.97121	1.56095	2.01667	0.0833333	1.0271	1.53205	2.41667	1.08333	1.41667	1.08333
Kenya	1.13333	1.33333	3.83333	1.83333	1.5	1.33333	1.33333	1.43333	0.509804	1.17949	0.416667	0	1.19048	0.526882	2.03333	2.40476	1.46748	0.833333	0.904762	1.42857	1.88788	1.44527	1.93333	0.333333	1.33333	1.48718	2.33333	1.33333	1.43333	1.33333
Mozambique	2.1	2.5	4.35714	2.64286	2.30952	2.3	2.11429	2.24286	1.39076	2.06044	1.41667	1.19048	0	1.56452	2.64286	2.92857	2.277	1.71429	1.57143	1.85714	2.37532	2.12047	2.35714	1.5	2.20552	2.36813	2.74603	2.5	2.31429	2.5
Niger	1.06452	1.19355	4.12903	2.19355	1.7957	1.32903	1.56452	1.79355	0.276091	0.91067	0.212366	0.526882	1.56452	0	2.26452	2.70046	1.82769	1.02903	1.13594	1.59524	2.0827	1.67646	2.1	0.193548	1.12587	1.6799	2.5	1.19355	1.56452	1.19355
Norway	1.2	1.2	4.2	0.4	0.555556	1.2	1.5	0.6	2.11765	2.64615	2.11667	2.03333	2.64286	2.26452	0	1.34286	0.565854	2.5	1.12857	1.10952	0.581818	0.58806	1.1	2.2	2.79141	1.56923	1.41111	1.2	1.3	1.2
Poland	1.77143	2.14286	2.85714	1.14286	1.47619	1.74286	1.7	1.14286	2.42437	2.84615	2.4881	2.40476	2.92857	2.70046	1.34286	0	1.45993	2.1	1.64286	1.5	1.34286	1.27719	1.34286	2.57143	3.36284	1.87912	2.07143	2.14286	1.44286	2.14286
Scotland	1.03415	0.682927	4.31707	0.365854	0.205962	0.834146	1.33415	0.317073	1.81062	2.4803	1.71748	1.46748	2.277	1.82769	0.565854	1.45993	0	2.13415	0.848432	0.94367	0.553437	0.331999	0.934146	1.63415	2.62188	1.40338	1.24526	0.682927	1.13415	0.682927
South Africa	1.5	1.9	3.1	2.5	2.16667	1.7	1.4	2.1	0.752941	0.976923	0.816667	0.833333	1.71429	1.02903	2.5	2.1	2.13415	0	1.42857	1.71429	2.15455	1.97761	2.2	0.9	1.70368	1.65385	2.11111	1.9	1.4	1.9
Spain	0.585714	1.07143	4.07143	1.21429	0.738095	0.928571	0.685714	0.814286	1.04622	1.63187	1.0119	0.904762	1.57143	1.13594	1.12857	1.64286	0.848432	1.42857	0	0.52381	0.983117	0.549041	1.02857	1.07143	1.77344	0.93956	1.42857	1.07143	0.885714	1.07143
Spain (B&S&M)	0.804762	1.40476	4.11905	1.30952	0.753968	1.20476	0.542857	0.909524	1.38936	1.67949	1.5119	1.42857	1.85714	1.59524	1.10952	1.5	0.94367	1.71429	0.52381	0	0.565801	0.637882	0.552381	1.59524	1.95662	0.796703	1.04762	1.40476	0.92381	1.40476
Spain (Barcelona)	1.05455	1.23636	4.2	0.781818	0.387879	1.05455	0.954545	0.6	1.84866	2.1007	1.97121	1.88788	2.37532	2.0827	0.581818	1.34286	0.553437	2.15455	0.983117	0.565801	0	0.442605	0.518182	2.05455	2.40959	1.02378	0.9	1.23636	0.954545	1.23636
Spain (Gipuzkoa)	0.728358	1.01493	4.13433	0.671642	0.199005	0.880597	1.02836	0.271642	1.59526	2.17451	1.56095	1.44527	2.12047	1.67646	0.58806	1.27719	0.331999	1.97761	0.549041	0.637882	0.442605	0	0.628358	1.61194	2.31609	1.09759	1.23134	1.01493	0.831343	1.01493
Sweden	1.1	1.6	4.2	1.3	0.744444	1.2	1	0.9	1.89412	2.14615	2.01667	1.93333	2.35714	2.1	1.1	1.34286	0.934146	2.2	1.02857	0.552381	0.518182	0.628358	0	2.1	2.44233	1.06923	1.2	1.6	0.9	1.6
Thailand	1	1	4	2	1.66667	1.2	1.5	1.6	0.205882	0.846154	0.0833333	0.333333	1.5	0.193548	2.2	2.57143	1.63415	0.9	1.07143	1.59524	2.05455	1.61194	2.1	0	1.11043	1.61538	2.5	1	1.5	1
The Gambia	1.59141	2.09816	4.80368	2.98773	2.43217	1.99141	1.69141	2.58773	1.03176	0.837187	1.0271	1.33333	2.20552	1.12587	2.79141	3.36284	2.62188	1.70368	1.77344	1.95662	2.40959	2.31609	2.44233	1.11043	0	1.48372	2.46455	2.09816	2.09141	2.09816
The Netherlands	0.630769	1.23077	4.69231	1.76923	1.21368	1.03077	0.392308	1.36923	1.4095	1.07692	1.53205	1.48718	2.36813	1.6799	1.56923	1.87912	1.40338	1.65385	0.93956	0.796703	1.02378	1.09759	1.06923	1.61538	1.48372	0	1.02991	1.23077	0.730769	1.23077
USA (Utah-PostPCV)	1.5	1.61111	4.61111	1.61111	1.16667	1.5	1	1.5	2.29412	1.79915	2.41667	2.33333	2.74603	2.5	1.41111	2.07143	1.24526	2.11111	1.42857	1.04762	0.9	1.23134	1.2	2.5	2.46455	1.02991	0	1.61111	1.4	1.61111
USA (Utah-PrePCV)	0.6	0	5	1	0.888889	0.4	1.3	1	1.20588	1.84615	1.08333	1.33333	2.5	1.19355	1.2	2.14286	0.682927	1.9	1.07143	1.40476	1.23636	1.01493	1.6	1	2.09816	1.23077	1.61111	0	0.9	0
United States	0.5	0.9	4.3	1.5	0.966667	0.5	0.8	1.1	1.29412	1.74615	1.41667	1.43333	2.31429	1.56452	1.3	1.44286	1.13415	1.4	0.885714	0.92381	0.954545	0.831343	0.9	1.5	2.09141	0.730769	1.4	0.9	0	0.9
United States (Navajo Indians)	0.6	0	5	1	0.888889	0.4	1.3	1	1.20588	1.84615	1.08333	1.33333	2.5	1.19355	1.2	2.14286	0.682927	1.9	1.07143	1.40476	1.23636	1.01493	1.6	1	2.09816	1.23077	1.61111	0	0.9	0
