30
Canada (Quebec)	0	1.1	8.1	1.9	2.3	1.3	3	2.9	9.43824	9.36154	10.1	10.35	9.6	9.64839	1.5	3.21429	1.72927	9.7	0.842857	1.21429	1.66364	0.952239	3.25	10.1	9.06564	1.96154	2.98889	1.1	1.9	1.1
Canada (Toronto)	1.1	0	8	1	2.22222	0.8	3.9	2.8	9.39706	9.46154	10	10.25	9.64286	9.6129	1.4	3.28571	1.07317	9.6	1.71429	2.2381	1.85455	1.47015	3.65	10	9.17791	2.92308	3	0	2.2	0
Chile	8.1	8	0	9	8.44444	7.6	7.9	8.4	5.48529	6.84615	6	6.25	8.07143	5.80645	9	6.71429	8.68293	5.2	8.42857	8.57143	8.69091	8.6194	7.95	6.14286	7.1411	8.15385	9.22222	8	7	8
Czech Republic	1.9	1	9	0	1.88889	1.8	4.3	2.2	10.3971	10.4615	11	11.25	10.6429	10.6129	0.6	2.85714	0.804878	10.6	1.85714	2.14286	1.4	1.14179	3.55	11	10.1779	3.46154	3	1	3	1
Denmark	2.3	2.22222	8.44444	1.88889	0	2.02222	2.63333	1.11111	8.89379	9.01709	9.55556	9.80556	9.19841	9.10394	1.68889	2.39683	1.34417	9.15556	2.42857	2.15873	1.21212	1.45522	1.70556	9.55556	8.5985	2.51282	2.77778	2.22222	1.64444	2.22222
England	1.3	0.8	7.6	1.8	2.02222	0	3.7	2.6	9.19706	9.26154	9.8	10.05	9.3	9.4129	1.8	2.88571	1.53171	9.4	2.02857	2.4381	2	1.65224	2.85	9.8	8.97791	2.96923	3.28889	0.8	1.8	0.8
France	3	3.9	7.9	4.3	2.63333	3.7	0	2.1	7.63824	7.56154	8.3	8.55	7.8	7.84839	3.9	3.67143	3.69024	7.9	3.24286	2.81429	2.93636	3.20299	1.95	8.3	7.3908	1.82308	2.92222	3.9	2.1	3.9
Germany	2.9	2.8	8.4	2.2	1.11111	2.6	2.1	0	8.19706	8.66154	8.8	9.05	8.44286	8.4129	2.2	2.25714	1.92195	8.4	2.97143	2.78095	1.96364	2.03433	1.95	8.8	8.50307	3.44615	3.48889	2.8	1.8	2.8
Ghana	9.43824	9.39706	5.48529	10.3971	8.89379	9.19706	7.63824	8.19706	0	3.01244	0.936275	1.35294	4.67437	0.768027	10.3382	9.2542	9.7873	1.79706	9.76681	9.90966	9.88369	9.89794	8.38824	1.15756	4.14805	9.18439	10.116	9.39706	8.13824	9.39706
India	9.36154	9.46154	6.84615	10.4615	9.01709	9.26154	7.56154	8.66154	3.01244	0	3.61538	3.86538	5.77473	3.2928	10.2615	9.31868	9.90056	4.24615	9.74725	9.65201	9.64336	9.88691	8.41154	3.61538	3.56914	8.38462	9.46154	9.46154	8.06154	9.46154
Israel	10.1	10	6	11	9.55556	9.8	8.3	8.8	0.936275	3.61538	0	0.416667	5.07143	1.06989	11	9.85714	10.3902	1.63333	10.4286	10.5714	10.5455	10.5597	9.05	0.309524	4.82209	9.84615	10.7778	10	8.8	10
Kenya	10.35	10.25	6.25	11.25	9.80556	10.05	8.55	9.05	1.35294	3.86538	0.416667	0	5.17857	1.31989	11.25	10.1071	10.6402	2.05	10.6786	10.8214	10.7955	10.8097	9.3	0.559524	5.15798	10.0962	11.0278	10.25	9.05	10.25
Mozambique	9.6	9.64286	8.07143	10.6429	9.19841	9.3	7.8	8.44286	4.67437	5.77473	5.07143	5.17857	0	4.58756	10.6429	9.5	9.88676	4.92857	9.92857	10.0714	10.0792	10.0597	8.55	5.07143	5.90491	9.19231	10.4206	9.64286	8.44286	9.64286
Niger	9.64839	9.6129	5.80645	10.6129	9.10394	9.4129	7.84839	8.4129	0.768027	3.2928	1.06989	1.31989	4.58756	0	10.5484	9.47005	10.0031	2.17419	9.97696	10.1198	10.0938	10.1081	8.59839	0.981567	4.39501	9.39454	10.3262	9.6129	8.34839	9.6129
Norway	1.5	1.4	9	0.6	1.68889	1.8	3.9	2.2	10.3382	10.2615	11	11.25	10.6429	10.5484	0	2.85714	1.00976	10.6	1.68571	1.74286	1	0.9	3.15	11	9.96564	3.06154	2.6	1.4	2.6	1.4
Poland	3.21429	3.28571	6.71429	2.85714	2.39683	2.88571	3.67143	2.25714	9.2542	9.31868	9.85714	10.1071	9.5	9.47005	2.85714	0	2.70035	9.05714	3.28571	3.09524	2.54805	2.57676	2.79286	9.85714	9.31201	3.72527	4.03175	3.28571	2.14286	3.28571
Scotland	1.72927	1.07317	8.68293	0.804878	1.34417	1.53171	3.69024	1.92195	9.7873	9.90056	10.3902	10.6402	9.88676	10.0031	1.00976	2.70035	0	9.99024	1.6899	1.97213	1.16098	0.881871	2.94024	10.3902	9.44606	2.90056	2.68293	1.07317	2.43902	1.07317
South Africa	9.7	9.6	5.2	10.6	9.15556	9.4	7.9	8.4	1.79706	4.24615	1.63333	2.05	4.92857	2.17419	10.6	9.05714	9.99024	0	10.0286	10.1714	10.1455	10.1597	8.65	1.94286	5.07485	9.44615	10.3778	9.6	8.2	9.6
Spain	0.842857	1.71429	8.42857	1.85714	2.42857	2.02857	3.24286	2.97143	9.76681	9.74725	10.4286	10.6786	9.92857	9.97696	1.68571	3.28571	1.6899	10.0286	0	1.09524	1.84935	0.988273	3.43571	10.4286	9.45136	2.52747	3.1746	1.71429	2.74286	1.71429
Spain (B&S&M)	1.21429	2.2381	8.57143	2.14286	2.15873	2.4381	2.81429	2.78095	9.90966	9.65201	10.5714	10.8214	10.0714	10.1198	1.74286	3.09524	1.97213	10.1714	1.09524	0	1.14632	1.1951	3.03095	10.5714	9.34385	2.0989	2.60317	2.2381	2.67619	2.2381
Spain (Barcelona)	1.66364	1.85455	8.69091	1.4	1.21212	2	2.93636	1.96364	9.88369	9.64336	10.5455	10.7955	10.0792	10.0938	1	2.54805	1.16098	10.1455	1.84935	1.14632	0	0.914383	2.59545	10.5455	9.3111	2.20699	2.03434	1.85455	2.18182	1.85455
Spain (Gipuzkoa)	0.952239	1.47015	8.6194	1.14179	1.45522	1.65224	3.20299	2.03433	9.89794	9.88691	10.5597	10.8097	10.0597	10.1081	0.9	2.57676	0.881871	10.1597	0.988273	1.1951	0.914383	0	2.79627	10.5597	9.57609	2.39437	2.70232	1.47015	2.29403	1.47015
Sweden	3.25	3.65	7.95	3.55	1.70556	2.85	1.95	1.95	8.38824	8.41154	9.05	9.3	8.55	8.59839	3.15	2.79286	2.94024	8.65	3.43571	3.03095	2.59545	2.79627	0	9.05	8.1408	2.49615	3.07222	3.65	1.75	3.65
Thailand	10.1	10	6.14286	11	9.55556	9.8	8.3	8.8	1.15756	3.61538	0.309524	0.559524	5.07143	0.981567	11	9.85714	10.3902	1.94286	10.4286	10.5714	10.5455	10.5597	9.05	0	4.88344	9.84615	10.7778	10	8.8	10
The Gambia	9.06564	9.17791	7.1411	10.1779	8.5985	8.97791	7.3908	8.50307	4.14805	3.56914	4.82209	5.15798	5.90491	4.39501	9.96564	9.31201	9.44606	5.07485	9.45136	9.34385	9.3111	9.57609	8.1408	4.88344	0	7.93487	9.16564	9.17791	7.87117	9.17791
The Netherlands	1.96154	2.92308	8.15385	3.46154	2.51282	2.96923	1.82308	3.44615	9.18439	8.38462	9.84615	10.0962	9.19231	9.39454	3.06154	3.72527	2.90056	9.44615	2.52747	2.0989	2.20699	2.39437	2.49615	9.84615	7.93487	0	2.2906	2.92308	2.30769	2.92308
USA (Utah-PostPCV)	2.98889	3	9.22222	3	2.77778	3.28889	2.92222	3.48889	10.116	9.46154	10.7778	11.0278	10.4206	10.3262	2.6	4.03175	2.68293	10.3778	3.1746	2.60317	2.03434	2.70232	3.07222	10.7778	9.16564	2.2906	0	3	3.08889	3
USA (Utah-PrePCV)	1.1	0	8	1	2.22222	0.8	3.9	2.8	9.39706	9.46154	10	10.25	9.64286	9.6129	1.4	3.28571	1.07317	9.6	1.71429	2.2381	1.85455	1.47015	3.65	10	9.17791	2.92308	3	0	2.2	0
United States	1.9	2.2	7	3	1.64444	1.8	2.1	1.8	8.13824	8.06154	8.8	9.05	8.44286	8.34839	2.6	2.14286	2.43902	8.2	2.74286	2.67619	2.18182	2.29403	1.75	8.8	7.87117	2.30769	3.08889	2.2	0	2.2
United States (Navajo Indians)	1.1	0	8	1	2.22222	0.8	3.9	2.8	9.39706	9.46154	10	10.25	9.64286	9.6129	1.4	3.28571	1.07317	9.6	1.71429	2.2381	1.85455	1.47015	3.65	10	9.17791	2.92308	3	0	2.2	0
