16
Brazil	0	2.92143	3.25	4.10714	2.40584	2.61688	4.13312	3.18779	2.79857	3.80952	2.88235	2.95286	3.24048	3.84582	3.00275	3.38417
Czech Republic	2.92143	0	2.6254	3.75	2.61623	2.19091	4.66147	2.91521	2.68571	4.26667	2.91261	2.62857	3.46905	4.20767	2.83077	2.56911
Finland	3.25	2.6254	0	2.55952	2.9044	2.00072	4.82973	1.5914	2.22921	4.46032	3.23856	3.09905	3.73413	4.28068	3.53236	3.58258
France	4.10714	3.75	2.55952	0	4.05195	3.17208	5.61147	1.68088	3.07571	5.55952	3.97689	4.44429	4.45238	5.15767	4.73901	5.14382
Germany	2.40584	2.61623	2.9044	4.05195	0	1.72403	3.79329	2.97078	2.69727	2.77597	3.14114	2.05675	2.70563	3.39476	1.31793	2.61258
Italy	2.61688	2.19091	2.00072	3.17208	1.72403	0	4.19697	1.97507	1.92182	3.07143	2.83957	2.07818	3.33788	4.0765	2.23127	3.06757
Kenya	4.13312	4.66147	4.82973	5.61147	3.79329	4.19697	0	5.06354	4.49455	3.4026	4.57576	3.79394	3.38636	3.85957	4.21312	4.67731
Poland	3.18779	2.91521	1.5914	1.68088	2.97078	1.97507	5.06354	0	2.26581	4.36559	3.37761	3.22323	3.99731	4.67034	3.7033	3.88143
Portugal	2.79857	2.68571	2.22921	3.07571	2.69727	1.92182	4.49455	2.26581	0	3.98857	2.64471	2.88	3.50333	4.06439	3.35736	3.8227
South Africa	3.80952	4.26667	4.46032	5.55952	2.77597	3.07143	3.4026	4.36559	3.98857	0	4.58263	3.01333	3.5881	4.12079	3.34066	3.84685
Spain	2.88235	2.91261	3.23856	3.97689	3.14114	2.83957	4.57576	3.37761	2.64471	4.58263	0	3.50941	3.62255	4.26901	3.76244	4.08824
Sweden	2.95286	2.62857	3.09905	4.44429	2.05675	2.07818	3.79394	3.22323	2.88	3.01333	3.50941	0	3.29667	3.95317	2.28396	2.48649
Thailand	3.24048	3.46905	3.73413	4.45238	2.70563	3.33788	3.38636	3.99731	3.50333	3.5881	3.62255	3.29667	0	2.46301	3.33974	3.62027
The Gambia	3.84582	4.20767	4.28068	5.15767	3.39476	4.0765	3.85957	4.67034	4.06439	4.12079	4.26901	3.95317	2.46301	0	4.0059	4.21358
UK	3.00275	2.83077	3.53236	4.73901	1.31793	2.23127	4.21312	3.7033	3.35736	3.34066	3.76244	2.28396	3.33974	4.0059	0	2.72438
USA	3.38417	2.56911	3.58258	5.14382	2.61258	3.06757	4.67731	3.88143	3.8227	3.84685	4.08824	2.48649	3.62027	4.21358	2.72438	0
