16
Brazil	0	0.230664	0.143232	0.339159	0.251444	0.0744724	0.157315	0.186399	0.0540071	0.0759458	0.109842	0.0556302	0.291335	0.185921	0.163981	0.122947
Czech Republic	0.230664	0	0.183087	0.432145	0.464061	0.225717	0.317968	0.266472	0.230242	0.253688	0.311444	0.17416	0.461557	0.350618	0.291176	0.0676787
Finland	0.143232	0.183087	0	0.216525	0.444347	0.157749	0.296731	0.081498	0.0510004	0.238893	0.217773	0.176664	0.440942	0.318077	0.327135	0.187167
France	0.339159	0.432145	0.216525	0	0.622585	0.28381	0.483784	0.07364	0.248165	0.420871	0.398383	0.349013	0.625473	0.510237	0.507668	0.396133
Germany	0.251444	0.464061	0.444347	0.622585	0	0.133704	0.383015	0.44383	0.277246	0.216099	0.309597	0.114013	0.451632	0.379227	0.047074	0.281393
Italy	0.0744724	0.225717	0.157749	0.28381	0.133704	0	0.227325	0.112551	0.042661	0.0842891	0.119976	0.010969	0.315982	0.234991	0.0729673	0.113583
Kenya	0.157315	0.317968	0.296731	0.483784	0.383015	0.227325	0	0.357963	0.243999	0.0779574	0.266664	0.150367	0.172578	0.0986559	0.258564	0.172557
Poland	0.186399	0.266472	0.081498	0.07364	0.44383	0.112551	0.357963	0	0.0847583	0.268203	0.236579	0.190079	0.489695	0.378039	0.335524	0.239728
Portugal	0.0540071	0.230242	0.0510004	0.248165	0.277246	0.042661	0.243999	0.0847583	0	0.138769	0.0912163	0.0823703	0.370216	0.259015	0.199354	0.166145
South Africa	0.0759458	0.253688	0.238893	0.420871	0.216099	0.0842891	0.0779574	0.268203	0.138769	0	0.1559	0.0464262	0.229069	0.123827	0.118995	0.107453
Spain	0.109842	0.311444	0.217773	0.398383	0.309597	0.119976	0.266664	0.236579	0.0912163	0.1559	0	0.135882	0.373133	0.272889	0.2257	0.209012
Sweden	0.0556302	0.17416	0.176664	0.349013	0.114013	0.010969	0.150367	0.190079	0.0823703	0.0464262	0.135882	0	0.242561	0.165027	0.027271	0.0498144
Thailand	0.291335	0.461557	0.440942	0.625473	0.451632	0.315982	0.172578	0.489695	0.370216	0.229069	0.373133	0.242561	0	0.137364	0.328735	0.280755
The Gambia	0.185921	0.350618	0.318077	0.510237	0.379227	0.234991	0.0986559	0.378039	0.259015	0.123827	0.272889	0.165027	0.137364	0	0.263304	0.191129
UK	0.163981	0.291176	0.327135	0.507668	0.047074	0.0729673	0.258564	0.335524	0.199354	0.118995	0.2257	0.027271	0.328735	0.263304	0	0.127374
USA	0.122947	0.0676787	0.187167	0.396133	0.281393	0.113583	0.172557	0.239728	0.166145	0.107453	0.209012	0.0498144	0.280755	0.191129	0.127374	0
