16
Brazil	0	0.0382646	0.0383044	0.0408172	0.0292031	0.0291154	0.0477418	0.0341668	0.0322857	0.0396737	0.0377365	0.0316267	0.0463796	0.0464864	0.034191	0.0368254
Czech Republic	0.0382646	0	0.0260426	0.0333013	0.0310703	0.0281269	0.05259	0.0277896	0.0298838	0.0479953	0.0399571	0.0319947	0.0484227	0.0495619	0.0319919	0.0261249
Finland	0.0383044	0.0260426	0	0.0259172	0.0318643	0.0245926	0.050812	0.0189808	0.0222308	0.0453185	0.0399134	0.0320184	0.0456738	0.0468592	0.0358144	0.0343395
France	0.0408172	0.0333013	0.0259172	0	0.0360521	0.0281073	0.0531419	0.0147227	0.0295931	0.0507479	0.0433763	0.0393078	0.0486438	0.0498356	0.0408821	0.042814
Germany	0.0292031	0.0310703	0.0318643	0.0360521	0	0.0174798	0.0399419	0.0290818	0.0274067	0.029708	0.0282864	0.0210865	0.0337959	0.0380846	0.0138928	0.0280223
Italy	0.0291154	0.0281269	0.0245926	0.0281073	0.0174798	0	0.0422424	0.0208185	0.0212261	0.0315966	0.0277896	0.0211003	0.0390215	0.0418522	0.0222549	0.0314372
Kenya	0.0477418	0.05259	0.050812	0.0531419	0.0399419	0.0422424	0	0.0504837	0.0484881	0.0354157	0.0542603	0.0399942	0.0373929	0.0374005	0.0427365	0.0470979
Poland	0.0341668	0.0277896	0.0189808	0.0147227	0.0290818	0.0208185	0.0504837	0	0.0224446	0.0437061	0.0365085	0.0327577	0.0462715	0.0483287	0.0340261	0.0362373
Portugal	0.0322857	0.0298838	0.0222308	0.0295931	0.0274067	0.0212261	0.0484881	0.0224446	0	0.0405643	0.0281967	0.0306519	0.0441299	0.0468779	0.0333075	0.0375481
South Africa	0.0396737	0.0479953	0.0453185	0.0507479	0.029708	0.0315966	0.0354157	0.0437061	0.0405643	0	0.0439064	0.0315051	0.0403312	0.0414747	0.0335663	0.040449
Spain	0.0377365	0.0399571	0.0399134	0.0433763	0.0282864	0.0277896	0.0542603	0.0365085	0.0281967	0.0439064	0	0.0368526	0.0488901	0.0519997	0.0342274	0.0445105
Sweden	0.0316267	0.0319947	0.0320184	0.0393078	0.0210865	0.0211003	0.0399942	0.0327577	0.0306519	0.0315051	0.0368526	0	0.0392064	0.0412411	0.0217517	0.0270523
Thailand	0.0463796	0.0484227	0.0456738	0.0486438	0.0337959	0.0390215	0.0373929	0.0462715	0.0441299	0.0403312	0.0488901	0.0392064	0	0.0250009	0.0384131	0.0427641
The Gambia	0.0464864	0.0495619	0.0468592	0.0498356	0.0380846	0.0418522	0.0374005	0.0483287	0.0468779	0.0414747	0.0519997	0.0412411	0.0250009	0	0.0419405	0.0441214
UK	0.034191	0.0319919	0.0358144	0.0408821	0.0138928	0.0222549	0.0427365	0.0340261	0.0333075	0.0335663	0.0342274	0.0217517	0.0384131	0.0419405	0	0.0275761
USA	0.0368254	0.0261249	0.0343395	0.042814	0.0280223	0.0314372	0.0470979	0.0362373	0.0375481	0.040449	0.0445105	0.0270523	0.0427641	0.0441214	0.0275761	0
