16
Brazil	0	11.548	11.0488	10.7717	10.9104	10.8977	12.4719	10.7592	10.8243	11.9898	11.2363	11.51	11.9452	12.4573	11.4557	11.9754
Czech Republic	11.548	0	8.90884	8.68163	11.1553	10.2	12.2009	8.95023	10.4594	11.9129	11.3479	10.512	11.6571	12.2467	10.4239	8.91815
Finland	11.0488	8.90884	0	7.03515	11.8068	10.0678	12.6599	7.78136	9.09714	12.446	10.733	11.2508	12.2683	12.5157	11.8458	10.9451
France	10.7717	8.68163	7.03515	0	11.1619	8.56169	12.6991	5.18088	8.36	12.3027	10.0525	10.6229	12.044	12.6324	11.4207	10.8446
Germany	10.9104	11.1553	11.8068	11.1619	0	8.28867	12.3247	10.5148	10.1473	10.4267	10.2786	8.98883	10.1382	11.6557	7.001	10.5723
Italy	10.8977	10.2	10.0678	8.56169	8.28867	0	12.3251	8.7522	9.66545	11.0216	10.2447	9.99273	10.9333	11.9667	9.26673	10.7359
Kenya	12.4719	12.2009	12.6599	12.6991	12.3247	12.3251	0	12.7576	12.8	11.4055	12.8717	12.1309	9.55051	10.6268	12.1578	12.0131
Poland	10.7592	8.95023	7.78136	5.18088	10.5148	8.7522	12.7576	0	8.65419	11.9708	10.064	10.5574	12.0441	12.5767	10.9231	10.7646
Portugal	10.8243	10.4594	9.09714	8.36	10.1473	9.66545	12.8	8.65419	0	11.8971	10.0894	10.9376	12.1187	12.562	10.9213	11.5968
South Africa	11.9898	11.9129	12.446	12.3027	10.4267	11.0216	11.4055	11.9708	11.8971	0	11.8571	11.4057	10.9889	11.5819	10.8781	11.7748
Spain	11.2363	11.3479	10.733	10.0525	10.2786	10.2447	12.8717	10.064	10.0894	11.8571	0	11.34	11.7961	12.4749	10.9861	11.9249
Sweden	11.51	10.512	11.2508	10.6229	8.98883	9.99273	12.1309	10.5574	10.9376	11.4057	11.34	0	10.908	11.9024	9.63692	10.84
Thailand	11.9452	11.6571	12.2683	12.044	10.1382	10.9333	9.55051	12.0441	12.1187	10.9889	11.7961	10.908	0	8.73333	10.3828	10.9775
The Gambia	12.4573	12.2467	12.5157	12.6324	11.6557	11.9667	10.6268	12.5767	12.562	11.5819	12.4749	11.9024	8.73333	0	11.7357	11.8332
UK	11.4557	10.4239	11.8458	11.4207	7.001	9.26673	12.1578	10.9231	10.9213	10.8781	10.9861	9.63692	10.3828	11.7357	0	10.3222
USA	11.9754	8.91815	10.9451	10.8446	10.5723	10.7359	12.0131	10.7646	11.5968	11.7748	11.9249	10.84	10.9775	11.8332	10.3222	0
